KEY_CODE,HTKSYORI,HTKSAKI,GASSAN,T000846001,T000846002,T000846003,T000846004,T000846005,T000846006,T000846007,T000846008,T000846009,T000846010,T000846011,T000846012,T000846013,T000846014,T000846015,T000846016,T000846017,T000846018,T000846019,T000846020,T000846021,T000846022,T000846023,T000846024,T000846025,T000846026,T000846027,T000846028,T000846029,T000846030,T000846031,T000846032,T000846033,T000846034,T000846035,T000846036,T000846037,T000846038,T000846039,T000846040,T000846041
,,,,Å@êlå˚ëçêî,Å@êlå˚ëçêîÅ@íj,Å@êlå˚ëçêîÅ@èó,Å@ÇOÅ`ÇPÇSçŒêlå˚ëçêî,Å@ÇOÅ`ÇPÇSçŒêlå˚Å@íj,Å@ÇOÅ`ÇPÇSçŒêlå˚Å@èó,Å@ÇPÇTçŒà»è„êlå˚ëçêî,Å@ÇPÇTçŒà»è„êlå˚Å@íj,Å@ÇPÇTçŒà»è„êlå˚Å@èó,Å@ÇPÇTÅ`ÇUÇSçŒêlå˚ëçêî,Å@ÇPÇTÅ`ÇUÇSçŒêlå˚Å@íj,Å@ÇPÇTÅ`ÇUÇSçŒêlå˚Å@èó,Å@ÇQÇOçŒà»è„êlå˚ëçêî,Å@ÇQÇOçŒà»è„êlå˚Å@íj,Å@ÇQÇOçŒà»è„êlå˚Å@èó,Å@ÇUÇTçŒà»è„êlå˚ëçêî,Å@ÇUÇTçŒà»è„êlå˚Å@íj,Å@ÇUÇTçŒà»è„êlå˚Å@èó,Å@ÇVÇTçŒà»è„êlå˚ëçêî,Å@ÇVÇTçŒà»è„êlå˚Å@íj,Å@ÇVÇTçŒà»è„êlå˚Å@èó,Å@äOçëêlêlå˚ëçêî,Å@äOçëêlêlå˚Å@íj,Å@äOçëêlêlå˚Å@èó,Å@ê¢ë—ëçêî,Å@àÍî ê¢ë—êî,Å@ÇPêlê¢ë—ÇÃàÍî ê¢ë—êî,Å@ÇQêlê¢ë—ÇÃàÍî ê¢ë—êî,Å@ÇRêlê¢ë—ÇÃàÍî ê¢ë—êî,Å@ÇSêlê¢ë—ÇÃàÍî ê¢ë—êî,Å@ÇTêlê¢ë—ÇÃàÍî ê¢ë—êî,Å@ÇUêlê¢ë—ÇÃàÍî ê¢ë—êî,Å@ÇVêlà»è„ê¢ë—ÇÃàÍî ê¢ë—êî,Å@êeë∞ÇÃÇ›ÇÃàÍî ê¢ë—êî,Å@äjâ∆ë∞ÇÃàÍî ê¢ë—êî,Å@äjâ∆ë∞à»äOÇÃàÍî ê¢ë—êî,Å@ÇUçŒñ¢ñûê¢ë—àıÇÃÇ¢ÇÈàÍî ê¢ë—êî,Å@ÇUÇTçŒà»è„ê¢ë—àıÇÃÇ¢ÇÈàÍî ê¢ë—êî,Å@ê¢ë—éÂÇÃîNóÓÇ™ÇQÇOÅ`ÇQÇXçŒÇÃÇPêlê¢ë—ÇÃàÍî ê¢ë—êî,Å@çÇóÓíPêgÇÃàÍî ê¢ë—êî,Å@çÇóÓïvïwÇÃÇ›ÇÃàÍî ê¢ë—êî
57390200,0,,,1110,605,505,140,75,65,960,525,435,738,432,306,864,450,414,222,93,129,110,38,72,1,1,0,427,427,165,74,72,56,24,19,17,255,173,82,49,151,68,19,14
57390201,0,,,859,427,432,136,71,65,716,352,364,529,276,253,670,326,344,187,76,111,77,28,49,3,2,1,256,256,39,54,51,49,30,20,13,215,141,74,44,131,3,12,20
57390202,0,,,43,20,23,4,3,1,39,17,22,24,10,14,39,17,22,15,7,8,8,3,5,0,0,0,10,10,2,1,1,2,1,0,3,8,1,7,1,8,1,1,0
57390203,0,,,87,42,45,12,7,5,75,35,40,49,25,24,69,32,37,26,10,16,19,6,13,0,0,0,21,21,0,6,3,5,2,0,5,21,7,14,2,18,0,0,2
57390204,0,,,336,160,176,32,15,17,304,145,159,196,101,95,295,142,153,108,44,64,64,21,43,0,0,0,98,98,10,18,28,19,11,9,3,88,47,41,10,74,0,9,8
57390205,0,,,273,138,135,24,16,8,249,122,127,160,83,77,233,115,118,89,39,50,52,18,34,0,0,0,77,77,11,15,18,12,8,7,6,66,37,29,6,59,0,10,9
57390206,0,,,288,137,151,36,17,19,252,120,132,171,87,84,242,115,127,81,33,48,48,19,29,1,0,1,75,75,5,13,16,18,8,11,4,68,29,39,11,49,0,1,5
57390207,0,,,115,61,54,9,5,4,106,56,50,71,42,29,101,52,49,35,14,21,17,6,11,0,0,0,32,32,6,6,8,1,2,5,4,25,13,12,3,22,0,2,1
57390208,0,,,220,107,113,24,8,16,196,99,97,124,71,53,186,94,92,72,28,44,46,16,30,0,0,0,58,58,4,15,10,10,8,4,7,53,24,29,6,46,0,3,7
57390209,0,,,142,66,76,9,4,5,133,62,71,76,40,36,133,62,71,57,22,35,40,13,27,0,0,0,51,51,8,16,14,8,3,1,1,43,28,15,3,35,0,3,5
57390211,0,,,1586,773,813,227,113,114,1352,657,695,974,499,475,1261,612,649,378,158,220,185,65,120,6,0,6,482,482,66,102,122,94,43,34,21,411,279,132,64,253,5,30,27
57390212,0,,,794,394,400,67,39,28,727,355,372,487,254,233,692,337,355,240,101,139,113,42,71,1,0,1,257,257,35,70,68,38,23,15,8,220,147,73,15,163,1,16,19
57390215,0,,,791,382,409,96,51,45,695,331,364,468,229,239,660,313,347,227,102,125,135,54,81,0,0,0,225,225,18,55,51,40,31,19,11,203,115,88,27,148,1,7,28
57390216,0,,,45,21,24,4,2,2,41,19,22,30,14,16,38,17,21,11,5,6,3,0,3,1,0,1,14,14,2,4,3,2,0,3,0,12,6,6,1,9,0,1,3
57390217,0,,,39,19,20,6,2,4,33,17,16,24,13,11,31,17,14,9,4,5,4,1,3,0,0,0,12,12,2,2,3,3,1,0,1,10,6,4,2,8,0,2,0
57390218,0,,,137,66,71,14,7,7,123,59,64,76,40,36,121,58,63,47,19,28,28,11,17,0,0,0,32,32,0,6,8,6,2,5,5,32,11,21,4,27,0,0,2
57390219,0,,,167,74,93,11,1,10,156,73,83,111,57,54,142,65,77,45,16,29,26,8,18,0,0,0,44,44,8,5,6,8,8,5,4,36,14,22,4,32,0,6,1
57390221,0,,,346,132,214,66,38,28,280,94,186,98,53,45,279,94,185,182,41,141,167,32,135,0,0,0,53,51,12,6,7,15,10,1,0,39,38,1,23,1,6,0,0
57390222,0,,,247,72,175,18,8,10,229,64,165,128,42,86,179,61,118,101,22,79,83,15,68,0,0,0,41,39,8,8,7,8,6,2,0,31,22,9,5,18,3,1,3
57390225,0,,,567,256,311,69,33,36,496,223,273,291,148,143,472,208,264,205,75,130,132,40,92,1,0,1,147,146,19,36,28,22,21,12,8,125,82,43,13,88,0,10,17
57390226,0,,,699,342,357,88,48,40,611,294,317,394,202,192,574,278,296,217,92,125,125,42,83,0,0,0,206,206,29,55,31,38,22,19,12,175,96,79,23,145,0,19,22
57390229,0,,,243,111,132,18,6,12,225,105,120,141,74,67,216,100,116,84,31,53,52,16,36,1,1,0,78,78,14,20,16,12,9,4,3,63,34,29,6,54,1,8,11
57390233,0,,,106,46,60,12,5,7,94,41,53,62,28,34,87,38,49,32,13,19,13,3,10,0,0,0,32,32,5,9,3,9,2,1,3,26,16,10,4,23,0,4,8
57390234,1,,57390235,577,285,292,101,53,48,488,240,248,336,169,167,453,222,231,152,71,81,70,30,40,1,0,1,173,173,26,41,31,39,22,13,6,151,104,47,30,99,0,16,17
57390235,2,57390234,,12,8,4,*,*,*,*,*,*,*,*,*,*,*,*,*,*,*,*,*,*,*,*,*,5,5,*,*,*,*,*,*,*,*,*,*,*,*,*,*,*
57390236,0,,,592,278,314,75,35,40,517,243,274,335,167,168,494,232,262,182,76,106,91,26,65,0,0,0,155,155,15,36,26,29,16,14,19,140,69,71,20,116,0,9,16
57390237,0,,,84,42,42,6,3,3,78,39,39,45,27,18,77,39,38,33,12,21,16,4,12,0,0,0,23,23,0,4,11,2,2,3,1,23,14,9,2,20,0,0,1
57390239,0,,,17,9,8,3,2,1,14,7,7,7,4,3,14,7,7,7,3,4,2,1,1,0,0,0,4,4,0,2,0,0,0,1,1,4,2,2,1,4,0,0,2
57390243,0,,,107,48,59,10,2,8,97,46,51,59,29,30,96,45,51,38,17,21,19,8,11,0,0,0,34,34,4,14,3,5,4,2,2,30,16,14,2,25,0,2,7
57390244,0,,,1276,624,652,161,90,71,1115,534,581,732,371,361,1059,507,552,383,163,220,208,76,132,1,0,1,395,395,52,99,84,89,34,18,19,343,214,129,46,252,0,38,50
57390247,0,,,570,274,296,54,25,29,516,249,267,334,168,166,486,232,254,182,81,101,114,48,66,0,0,0,159,159,19,33,35,24,24,15,9,140,68,72,16,118,0,12,13
57390249,0,,,191,93,98,17,8,9,174,85,89,105,58,47,163,79,84,69,27,42,46,15,31,1,0,1,56,56,4,15,14,10,7,2,4,52,26,26,2,46,0,4,3
57390254,0,,,12,7,5,0,0,0,12,7,5,11,7,4,12,7,5,1,0,1,0,0,0,0,0,0,4,4,0,1,2,1,0,0,0,4,4,0,0,1,0,0,0
57390257,0,,,224,113,111,20,10,10,204,103,101,124,66,58,193,99,94,80,37,43,41,19,22,0,0,0,69,69,10,14,19,11,10,2,3,59,33,26,4,51,0,4,7
57390258,0,,,208,107,101,27,16,11,181,91,90,116,61,55,172,85,87,65,30,35,29,12,17,0,0,0,54,54,9,5,9,10,6,13,2,45,15,30,4,42,0,4,3
57390259,0,,,90,43,47,10,5,5,80,38,42,52,26,26,74,35,39,28,12,16,16,6,10,1,0,1,27,27,1,8,6,7,4,0,1,26,15,11,3,20,0,1,5
57390265,0,,,16,5,11,6,1,5,10,4,6,9,3,6,10,4,6,1,1,0,0,0,0,0,0,0,4,4,0,0,1,2,1,0,0,4,3,1,1,1,0,0,0
57390266,0,,,786,395,391,94,54,40,692,341,351,439,224,215,656,318,338,253,117,136,112,43,69,2,1,1,258,258,46,72,53,36,24,20,7,212,136,76,26,173,0,28,33
57390267,0,,,38,26,12,10,7,3,28,19,9,26,18,8,28,19,9,2,1,1,2,1,1,0,0,0,19,19,11,3,1,3,0,1,0,8,7,1,4,1,5,0,0
57390268,0,,,431,198,233,45,23,22,386,175,211,231,113,118,366,167,199,155,62,93,81,30,51,1,0,1,137,137,24,38,25,19,15,8,8,113,69,44,7,99,0,13,22
57390269,0,,,159,84,75,20,15,5,139,69,70,79,44,35,138,69,69,60,25,35,33,12,21,1,0,1,44,44,2,10,15,6,5,3,3,42,23,19,4,35,0,1,5
57390276,0,,,35,19,16,5,2,3,30,17,13,18,11,7,30,17,13,12,6,6,8,5,3,0,0,0,11,11,2,3,3,0,1,1,1,9,7,2,1,7,0,2,0
57390277,0,,,56,25,31,10,1,9,46,24,22,30,18,12,44,23,21,16,6,10,7,2,5,3,3,0,23,23,9,5,2,4,3,0,0,14,9,5,3,10,5,0,3
57390278,0,,,714,322,392,65,28,37,649,294,355,361,178,183,621,281,340,288,116,172,165,55,110,3,3,0,235,234,41,66,53,40,19,9,6,192,119,73,16,174,3,28,32
57390279,0,,,75,36,39,9,6,3,66,30,36,44,20,24,63,28,35,22,10,12,10,2,8,0,0,0,18,18,0,1,6,5,2,3,1,18,7,11,3,15,0,0,0
57390287,2,57390297,,1,1,0,*,*,*,*,*,*,*,*,*,*,*,*,*,*,*,*,*,*,*,*,*,1,1,*,*,*,*,*,*,*,*,*,*,*,*,*,*,*
57390288,0,,,82,37,45,9,3,6,73,34,39,42,19,23,69,32,37,31,15,16,12,4,8,0,0,0,22,22,1,5,4,4,5,3,0,21,9,12,2,20,0,1,3
57390289,0,,,231,119,112,30,20,10,201,99,102,129,65,64,192,92,100,72,34,38,44,18,26,0,0,0,67,67,9,16,17,8,5,4,8,58,31,27,11,47,0,4,8
57390297,1,,57390287,66,38,28,4,3,1,63,36,27,37,24,13,59,33,26,26,12,14,15,8,7,0,0,0,21,21,3,8,3,5,0,2,1,19,11,8,0,16,0,1,6
57390298,0,,,192,74,118,3,2,1,189,72,117,63,31,32,189,72,117,126,41,85,99,23,76,0,0,0,32,27,8,7,7,4,0,0,1,19,9,10,0,21,1,5,3
57390299,0,,,65,33,32,8,4,4,57,29,28,38,21,17,55,27,28,19,8,11,12,4,8,0,0,0,20,20,3,4,6,4,0,1,2,17,10,7,2,14,0,2,2
57390300,0,,,89,41,48,6,2,4,83,39,44,52,27,25,76,37,39,31,12,19,19,6,13,0,0,0,28,28,4,6,7,6,3,1,1,24,13,11,1,20,0,2,4
57390305,0,,,89,40,49,6,5,1,83,35,48,51,25,26,76,32,44,32,10,22,23,7,16,0,0,0,26,26,2,11,2,3,3,4,1,24,13,11,1,20,0,2,3
57390306,1,,57390307,49,24,25,1,1,0,54,26,28,30,17,13,51,25,26,24,9,15,16,6,10,0,0,0,17,17,3,7,5,3,1,1,0,17,11,6,0,17,0,3,1
57390307,2,57390306,,6,3,3,*,*,*,*,*,*,*,*,*,*,*,*,*,*,*,*,*,*,*,*,*,3,3,*,*,*,*,*,*,*,*,*,*,*,*,*,*,*
57390310,0,,,367,171,196,38,18,20,329,153,176,234,113,121,317,146,171,95,40,55,41,13,28,0,0,0,121,121,20,30,27,21,17,5,1,100,69,31,8,68,0,10,5
57390311,0,,,178,80,98,22,10,12,156,70,86,94,41,53,145,65,80,62,29,33,28,11,17,0,0,0,45,45,3,9,7,10,7,3,6,42,16,26,5,41,0,3,6
57390316,0,,,18,9,9,0,0,0,18,9,9,11,7,4,16,7,9,7,2,5,4,1,3,0,0,0,5,5,1,0,1,1,2,0,0,4,0,4,0,4,1,0,0
57390319,2,57390329,,108,27,81,*,*,*,*,*,*,*,*,*,*,*,*,*,*,*,*,*,*,*,*,*,10,1,*,*,*,*,*,*,*,*,*,*,*,*,*,*,*
57390320,0,,,1138,576,562,134,69,65,1003,507,496,706,374,332,949,471,478,297,133,164,147,62,85,6,4,2,405,404,85,115,89,66,35,11,3,317,251,66,36,189,4,33,41
57390321,0,,,116,57,59,6,4,2,109,52,57,75,39,36,104,49,55,34,13,21,20,4,16,0,0,0,35,35,5,6,12,4,3,4,1,30,13,17,1,23,0,2,2
57390326,0,,,93,43,50,10,7,3,83,36,47,56,27,29,78,36,42,27,9,18,13,5,8,0,0,0,29,29,4,11,5,1,3,3,2,25,14,11,2,19,0,1,4
57390327,0,,,70,39,31,5,4,1,65,35,30,33,20,13,64,34,30,32,15,17,18,9,9,1,0,1,23,23,1,11,6,0,3,1,1,22,14,8,1,20,0,0,6
57390329,1,,57390319,128,63,65,7,4,3,229,86,143,65,39,26,224,84,140,164,47,117,130,29,101,0,0,0,49,49,13,17,9,5,1,4,1,36,18,18,0,43,0,8,8
57390330,0,,,291,146,145,24,10,14,267,136,131,187,105,82,259,131,128,80,31,49,41,12,29,0,0,0,58,57,6,9,12,6,14,6,4,50,22,28,5,42,0,3,5
57390331,0,,,60,30,30,9,4,5,51,26,25,29,15,14,51,26,25,22,11,11,11,4,7,0,0,0,27,27,13,5,4,2,1,2,0,14,10,4,6,15,1,6,4
57390336,0,,,37,18,19,1,1,0,36,17,19,22,12,10,34,15,19,14,5,9,9,4,5,0,0,0,11,11,0,5,1,2,2,1,0,11,6,5,0,8,0,0,3
57390337,0,,,184,91,93,14,7,7,170,84,86,105,57,48,164,80,84,65,27,38,43,19,24,0,0,0,57,57,8,17,11,9,4,3,5,49,23,26,6,42,0,3,8
57390338,0,,,111,50,61,5,3,2,106,47,59,65,32,33,99,42,57,41,15,26,26,7,19,1,0,1,34,34,5,9,8,5,2,2,3,29,17,12,2,29,0,5,2
57390340,0,,,143,68,75,15,9,6,128,59,69,71,35,36,128,59,69,57,24,33,30,9,21,0,0,0,47,47,9,13,10,9,1,0,5,38,21,17,6,38,0,7,8
57390341,0,,,1133,602,531,126,65,61,994,526,468,694,365,329,847,438,409,300,161,139,102,53,49,18,11,7,457,455,178,129,66,43,18,18,3,272,224,48,33,216,14,68,64
57390342,0,,,589,275,314,54,25,29,535,250,285,344,163,181,510,239,271,191,87,104,77,29,48,0,0,0,203,203,25,70,57,25,11,8,7,178,133,45,18,124,1,13,36
57390347,0,,,201,91,110,23,6,17,178,85,93,113,53,60,172,81,91,65,32,33,30,11,19,0,0,0,56,56,8,12,12,7,5,5,7,48,23,25,6,44,0,7,7
57390348,0,,,137,70,67,17,10,7,120,60,60,69,40,29,117,60,57,51,20,31,29,10,19,1,0,1,46,46,11,9,13,5,2,4,2,35,20,15,4,37,0,7,3
57390350,0,,,383,179,204,64,28,36,319,151,168,215,106,109,301,142,159,104,45,59,59,19,40,2,0,2,112,112,7,28,27,31,7,8,4,105,67,38,13,64,0,4,9
57390351,0,,,645,299,346,114,57,57,530,242,288,363,174,189,507,231,276,167,68,99,83,28,55,2,0,2,209,208,30,65,41,38,15,13,6,176,136,40,40,99,2,11,22
57390352,0,,,945,456,489,108,55,53,833,398,435,537,267,270,788,376,412,296,131,165,134,48,86,1,0,1,361,360,96,99,79,50,20,9,7,263,198,65,32,198,12,37,48
57390353,0,,,399,201,198,73,33,40,326,168,158,239,130,109,313,160,153,87,38,49,36,13,23,0,0,0,142,142,25,40,31,33,11,1,1,117,96,21,25,60,6,4,19
57390357,0,,,115,48,67,11,5,6,104,43,61,66,28,38,104,43,61,38,15,23,22,3,19,0,0,0,38,38,4,13,10,7,0,1,3,34,19,15,3,29,0,3,4
57390358,0,,,95,49,46,8,1,7,87,48,39,53,32,21,81,44,37,34,16,18,22,9,13,0,0,0,34,34,9,11,1,9,1,1,2,25,16,9,3,21,0,3,5
57390360,0,,,199,92,107,11,2,9,188,90,98,101,51,50,185,89,96,87,39,48,48,17,31,0,0,0,69,69,14,20,15,10,5,2,3,55,31,24,5,55,0,9,11
57390361,0,,,1775,845,930,340,168,172,1427,670,757,1067,531,536,1345,629,716,360,139,221,216,64,152,3,1,2,606,605,154,130,123,132,42,16,8,446,359,87,108,180,36,31,33
57390362,0,,,2444,1179,1265,226,117,109,2208,1058,1150,1376,706,670,2098,1001,1097,832,352,480,480,187,293,6,2,4,993,992,321,286,165,121,52,31,16,664,476,188,59,574,30,139,126
57390363,0,,,560,280,280,62,34,28,491,240,251,305,155,150,470,233,237,186,85,101,71,31,40,0,0,0,205,205,58,59,34,20,11,16,7,147,97,50,16,125,2,18,31
57390366,1,,57390376,25,11,14,2,0,2,30,14,16,18,9,9,29,14,15,12,5,7,7,3,4,0,0,0,9,9,5,0,1,2,2,1,0,6,1,5,1,8,0,3,0
57390369,0,,,76,39,37,4,1,3,72,38,34,45,26,19,69,35,34,27,12,15,16,5,11,0,0,0,24,24,5,6,3,4,3,2,1,19,7,12,1,19,0,3,2
57390370,0,,,84,43,41,4,3,1,80,40,40,53,27,26,74,34,40,27,13,14,16,5,11,0,0,0,23,23,0,4,6,9,2,2,0,23,7,16,0,19,0,0,3
57390371,0,,,572,284,288,81,42,39,491,242,249,324,171,153,461,226,235,167,71,96,77,29,48,0,0,0,188,188,44,49,29,29,14,9,14,143,97,46,18,114,0,24,23
57390372,0,,,2394,1220,1174,302,148,154,2086,1066,1020,1374,765,609,1964,995,969,712,301,411,309,125,184,5,1,4,915,913,269,236,179,123,59,36,11,641,483,158,102,444,73,72,119
57390373,0,,,1433,643,790,199,102,97,1234,541,693,851,378,473,1140,496,644,383,163,220,168,67,101,6,2,4,534,534,113,188,102,63,37,21,10,417,326,91,48,266,3,64,65
57390374,0,,,86,44,42,8,5,3,78,39,39,43,25,18,74,36,38,35,14,21,22,9,13,4,2,2,26,24,8,5,2,3,2,0,4,16,6,10,2,21,0,6,4
57390375,0,,,56,28,28,7,5,2,49,23,26,24,11,13,48,23,25,25,12,13,10,4,6,0,0,0,20,20,3,9,3,2,2,0,1,17,11,6,1,14,0,1,7
57390376,2,57390366,,7,3,4,*,*,*,*,*,*,*,*,*,*,*,*,*,*,*,*,*,*,*,*,*,2,2,*,*,*,*,*,*,*,*,*,*,*,*,*,*,*
57390380,0,,,181,88,93,20,10,10,161,78,83,92,48,44,155,75,80,69,30,39,30,9,21,0,0,0,48,48,5,7,8,15,5,4,4,43,17,26,6,38,0,3,4
57390381,0,,,514,268,246,55,32,23,459,236,223,297,159,138,443,228,215,162,77,85,54,23,31,2,1,1,171,171,22,58,37,29,11,6,8,149,112,37,13,99,2,8,33
57390382,0,,,63,31,32,10,5,5,52,25,27,28,13,15,50,25,25,24,12,12,11,6,5,0,0,0,21,21,3,10,1,2,3,0,2,18,13,5,3,16,0,2,6
57390383,0,,,19,9,10,4,2,2,15,7,8,13,6,7,13,6,7,2,1,1,1,0,1,0,0,0,7,7,2,1,1,3,0,0,0,5,5,0,2,2,1,1,0
57390384,0,,,223,125,98,16,9,7,200,109,91,152,83,69,186,99,87,48,26,22,16,7,9,2,0,2,100,100,46,22,11,10,7,3,1,53,40,13,2,36,5,9,6
57390385,0,,,520,237,283,43,25,18,477,212,265,280,134,146,447,197,250,197,78,119,114,38,76,0,0,0,149,148,16,38,31,23,17,15,8,130,62,68,11,119,0,13,19
57390390,0,,,304,146,158,20,9,11,284,137,147,185,94,91,265,131,134,99,43,56,62,21,41,0,0,0,86,86,11,20,15,13,14,7,6,75,35,40,7,69,0,6,11
57390391,0,,,72,38,34,7,3,4,65,35,30,42,23,19,63,33,30,23,12,11,12,6,6,1,0,1,23,23,3,7,6,1,4,1,1,20,14,6,1,13,0,1,3
57390392,0,,,54,25,29,4,1,3,50,24,26,34,19,15,46,22,24,16,5,11,7,1,6,0,0,0,17,17,2,5,2,5,2,1,0,15,10,5,1,12,0,2,1
57390393,0,,,205,102,103,31,16,15,174,86,88,108,54,54,171,86,85,66,32,34,33,14,19,0,0,0,56,56,7,13,14,7,1,6,8,49,22,27,5,44,0,4,6
57390394,0,,,1153,557,596,206,106,100,945,451,494,703,329,374,874,420,454,242,122,120,101,42,59,0,0,0,389,389,66,117,66,79,38,16,7,320,262,58,45,168,0,32,48
57390395,1,,57390396,1236,568,668,127,61,66,1116,510,606,541,288,253,1066,484,582,575,222,353,351,105,246,6,2,4,263,248,36,61,56,56,22,13,6,214,158,56,33,137,1,25,29
57390396,2,57390395,,7,3,4,*,*,*,*,*,*,*,*,*,*,*,*,*,*,*,*,*,*,*,*,*,2,2,*,*,*,*,*,*,*,*,*,*,*,*,*,*,*
57390420,1,,57390430,23,12,11,2,1,1,22,12,10,13,8,5,20,10,10,9,4,5,7,4,3,0,0,0,7,7,2,3,0,1,0,2,0,6,4,2,0,5,1,1,2
57390430,2,57390420,,1,1,0,*,*,*,*,*,*,*,*,*,*,*,*,*,*,*,*,*,*,*,*,*,1,1,*,*,*,*,*,*,*,*,*,*,*,*,*,*,*
57390444,0,,,49,23,26,5,2,3,44,21,23,19,9,10,43,21,22,25,12,13,15,6,9,0,0,0,20,20,6,7,3,2,0,2,0,14,11,3,1,18,0,6,4
57390450,0,,,91,41,50,6,2,4,85,39,46,52,24,28,82,39,43,33,15,18,20,7,13,0,0,0,28,28,7,5,4,5,3,1,3,21,6,15,2,23,0,5,1
57390451,0,,,42,22,20,4,3,1,38,19,19,21,11,10,34,18,16,17,8,9,8,2,6,0,0,0,12,12,2,2,4,1,1,0,2,10,4,6,1,11,0,1,2
57390454,1,,57390455,98,47,51,7,3,4,99,47,52,46,25,21,92,44,48,53,22,31,30,12,18,2,0,2,29,29,3,11,3,8,2,0,4,28,12,16,3,29,0,1,7
57390455,2,57390454,,8,3,5,*,*,*,*,*,*,*,*,*,*,*,*,*,*,*,*,*,*,*,*,*,2,2,*,*,*,*,*,*,*,*,*,*,*,*,*,*,*
57390460,0,,,73,41,32,3,1,2,70,40,30,36,23,13,69,39,30,34,17,17,19,9,10,0,0,0,28,28,6,11,4,4,1,2,0,22,13,9,0,23,0,3,6
57390461,2,57390470,,11,7,4,*,*,*,*,*,*,*,*,*,*,*,*,*,*,*,*,*,*,*,*,*,2,2,*,*,*,*,*,*,*,*,*,*,*,*,*,*,*
57390465,0,,,139,63,76,15,6,9,124,57,67,71,35,36,120,53,67,53,22,31,25,8,17,2,1,1,47,47,9,13,9,9,3,2,2,38,19,19,3,36,0,3,7
57390470,1,,57390461,7,3,4,2,1,1,16,9,7,12,7,5,13,7,6,4,2,2,2,1,1,0,0,0,2,2,0,1,0,0,2,1,0,4,0,4,1,3,0,0,0
57390471,1,,57390480,79,37,42,2,0,2,78,38,40,37,21,16,76,37,39,41,17,24,27,11,16,0,0,0,35,35,13,11,7,2,2,1,0,23,15,8,0,28,0,8,7
57390472,0,,,50,25,25,2,1,1,48,24,24,30,16,14,48,24,24,18,8,10,9,4,5,1,1,0,17,17,3,2,6,5,1,0,0,14,4,10,1,13,0,2,0
57390475,0,,,40,17,23,4,1,3,36,16,20,22,12,10,33,13,20,14,4,10,6,1,5,0,0,0,11,11,1,3,2,2,0,2,1,10,4,6,1,8,0,1,1
57390476,2,57390486,,5,1,4,*,*,*,*,*,*,*,*,*,*,*,*,*,*,*,*,*,*,*,*,*,2,2,*,*,*,*,*,*,*,*,*,*,*,*,*,*,*
57390479,0,,,18,9,9,2,1,1,16,8,8,10,6,4,15,8,7,6,2,4,5,1,4,0,0,0,8,8,3,3,0,1,1,0,0,5,4,1,1,5,0,1,2
57390480,2,57390471,,1,1,0,*,*,*,*,*,*,*,*,*,*,*,*,*,*,*,*,*,*,*,*,*,1,1,*,*,*,*,*,*,*,*,*,*,*,*,*,*,*
57390481,0,,,100,45,55,16,6,10,84,39,45,56,28,28,82,39,43,28,11,17,14,5,9,0,0,0,30,30,3,10,6,3,5,1,2,27,14,13,4,21,0,2,3
57390485,0,,,25,10,15,2,0,2,23,10,13,13,6,7,22,10,12,10,4,6,7,3,4,0,0,0,8,8,0,3,4,0,0,0,1,8,5,3,0,7,0,0,3
57390486,1,,57390476,131,61,70,13,2,11,123,60,63,65,35,30,121,59,62,58,25,33,36,12,24,0,0,0,44,44,9,13,9,8,3,3,1,37,20,17,4,39,0,7,7
57390487,0,,,15,7,8,1,0,1,14,7,7,6,4,2,14,7,7,8,3,5,5,1,4,0,0,0,8,8,2,5,1,0,0,0,0,6,6,0,0,6,0,1,3
57390489,0,,,94,47,47,6,1,5,88,46,42,42,23,19,86,44,42,46,23,23,28,12,16,0,0,0,36,36,9,12,7,3,2,3,0,26,19,7,1,32,0,7,6
57390491,0,,,97,50,47,8,5,3,89,45,44,51,27,24,87,44,43,38,18,20,17,4,13,0,0,0,29,29,3,8,7,6,2,0,3,24,11,13,3,23,0,3,1
57390492,1,,57390493,79,35,44,8,3,5,82,37,45,45,23,22,77,34,43,37,14,23,17,2,15,0,0,0,26,26,5,9,4,4,4,2,1,24,13,11,3,24,0,3,5
57390493,2,57390492,,11,5,6,*,*,*,*,*,*,*,*,*,*,*,*,*,*,*,*,*,*,*,*,*,3,3,*,*,*,*,*,*,*,*,*,*,*,*,*,*,*
57390496,0,,,135,66,69,9,4,5,126,62,64,66,35,31,122,60,62,60,27,33,37,18,19,1,0,1,42,42,5,13,9,6,4,3,2,37,22,15,1,37,0,4,6
57390497,0,,,15,9,6,2,2,0,13,7,6,10,6,4,13,7,6,3,1,2,2,0,2,0,0,0,4,4,0,0,2,1,1,0,0,4,3,1,1,2,0,0,0
57390503,2,57390504,,9,6,3,*,*,*,*,*,*,*,*,*,*,*,*,*,*,*,*,*,*,*,*,*,3,3,*,*,*,*,*,*,*,*,*,*,*,*,*,*,*
57390504,1,,57390503,10,5,5,1,1,0,18,10,8,9,6,3,18,10,8,9,4,5,8,4,4,0,0,0,5,5,2,4,1,0,0,1,0,6,5,1,1,6,0,1,2
57390507,1,,57390508;57390517;57390518,14,9,5,0,0,0,23,14,9,10,8,2,22,13,9,13,6,7,11,6,5,1,0,1,7,7,2,7,1,1,0,0,0,9,7,2,0,8,0,1,3
57390508,2,57390507,,4,2,2,*,*,*,*,*,*,*,*,*,*,*,*,*,*,*,*,*,*,*,*,*,2,2,*,*,*,*,*,*,*,*,*,*,*,*,*,*,*
57390513,2,57390524,,6,2,4,*,*,*,*,*,*,*,*,*,*,*,*,*,*,*,*,*,*,*,*,*,2,2,*,*,*,*,*,*,*,*,*,*,*,*,*,*,*
57390514,0,,,22,11,11,2,1,1,20,10,10,13,7,6,20,10,10,7,3,4,5,2,3,0,0,0,6,6,0,1,2,2,0,1,0,6,2,4,0,5,0,0,1
57390517,2,57390507,,3,2,1,*,*,*,*,*,*,*,*,*,*,*,*,*,*,*,*,*,*,*,*,*,1,1,*,*,*,*,*,*,*,*,*,*,*,*,*,*,*
57390518,2,57390507,,2,1,1,*,*,*,*,*,*,*,*,*,*,*,*,*,*,*,*,*,*,*,*,*,1,1,*,*,*,*,*,*,*,*,*,*,*,*,*,*,*
57390524,1,,57390513,18,10,8,0,0,0,24,12,12,17,8,9,23,12,11,7,4,3,5,3,2,0,0,0,7,7,1,3,3,2,0,0,0,8,4,4,0,6,0,0,0
57390527,2,57390528,,6,4,2,*,*,*,*,*,*,*,*,*,*,*,*,*,*,*,*,*,*,*,*,*,3,3,*,*,*,*,*,*,*,*,*,*,*,*,*,*,*
57390528,1,,57390527,9,4,5,0,0,0,15,8,7,6,3,3,14,7,7,9,5,4,6,3,3,0,0,0,3,3,1,4,0,0,0,1,0,5,4,1,0,6,0,1,3
57390534,1,,57390544,36,19,17,0,0,0,39,20,19,15,8,7,39,20,19,24,12,12,14,5,9,0,0,0,18,18,8,7,4,0,1,0,0,12,10,2,0,17,0,8,3
57390544,2,57390534,,3,1,2,*,*,*,*,*,*,*,*,*,*,*,*,*,*,*,*,*,*,*,*,*,2,2,*,*,*,*,*,*,*,*,*,*,*,*,*,*,*
57390546,2,57390547,,6,5,1,*,*,*,*,*,*,*,*,*,*,*,*,*,*,*,*,*,*,*,*,*,3,3,*,*,*,*,*,*,*,*,*,*,*,*,*,*,*
57390547,1,,57390546,24,11,13,0,0,0,30,16,14,11,6,5,28,15,13,19,10,9,7,3,4,0,0,0,9,9,2,6,2,1,0,1,0,10,8,2,0,11,0,2,5
57390555,0,,,33,15,18,4,2,2,29,13,16,13,4,9,28,13,15,16,9,7,9,4,5,0,0,0,12,12,5,3,1,1,0,1,1,7,4,3,1,10,0,4,2
57390556,2,57390566,,2,1,1,*,*,*,*,*,*,*,*,*,*,*,*,*,*,*,*,*,*,*,*,*,1,1,*,*,*,*,*,*,*,*,*,*,*,*,*,*,*
57390561,2,57390573,,6,1,5,*,*,*,*,*,*,*,*,*,*,*,*,*,*,*,*,*,*,*,*,*,2,2,*,*,*,*,*,*,*,*,*,*,*,*,*,*,*
57390566,1,,57390556,6,3,3,0,0,0,8,4,4,3,1,2,8,4,4,5,3,2,2,1,1,0,0,0,3,3,0,4,0,0,0,0,0,4,4,0,0,3,0,0,2
57390569,0,,,214,103,111,30,16,14,184,87,97,104,53,51,174,81,93,80,34,46,44,15,29,0,0,0,74,74,19,13,19,11,7,2,3,54,31,23,8,54,2,12,6
57390570,2,57390591,,1,1,0,*,*,*,*,*,*,*,*,*,*,*,*,*,*,*,*,*,*,*,*,*,1,1,*,*,*,*,*,*,*,*,*,*,*,*,*,*,*
57390573,1,,57390561,69,39,30,6,4,2,69,36,33,42,23,19,68,35,33,27,13,14,18,8,10,0,0,0,25,25,7,9,2,3,5,0,1,20,12,8,2,18,0,3,3
57390579,0,,,1285,675,610,139,81,58,1146,594,552,705,396,309,1091,563,528,441,198,243,234,95,139,4,1,3,554,554,204,157,90,46,39,12,6,346,257,89,37,301,32,67,82
57390588,0,,,16,8,8,0,0,0,16,8,8,11,6,5,15,7,8,5,2,3,2,0,2,0,0,0,5,5,1,0,2,1,1,0,0,4,1,3,0,3,0,0,0
57390589,0,,,1013,496,517,142,76,66,871,420,451,533,281,252,838,403,435,338,139,199,201,82,119,3,0,3,371,369,77,121,76,53,25,12,5,292,226,66,46,210,2,50,48
57390591,1,,57390570,11,7,4,1,1,0,11,7,4,6,5,1,9,5,4,5,2,3,3,1,2,0,0,0,3,3,1,2,0,0,0,0,1,3,2,1,0,2,0,0,1
57390592,1,,57390593,18,7,11,1,1,0,20,8,12,10,5,5,19,7,12,10,3,7,5,1,4,0,0,0,9,9,3,3,4,0,0,0,0,7,4,3,0,8,0,2,2
57390593,2,57390592,,3,2,1,*,*,*,*,*,*,*,*,*,*,*,*,*,*,*,*,*,*,*,*,*,1,1,*,*,*,*,*,*,*,*,*,*,*,*,*,*,*
57390598,0,,,49,24,25,2,1,1,47,23,24,18,9,9,47,23,24,29,14,15,13,5,8,0,0,0,19,19,5,7,2,3,1,0,1,14,9,5,0,17,0,4,5
57390599,0,,,179,78,101,19,6,13,160,72,88,83,40,43,155,71,84,77,32,45,28,10,18,0,0,0,68,67,10,32,11,7,4,1,2,56,46,10,1,52,0,8,21
57390604,2,57390620,,14,8,6,*,*,*,*,*,*,*,*,*,*,*,*,*,*,*,*,*,*,*,*,*,3,3,*,*,*,*,*,*,*,*,*,*,*,*,*,*,*
57390619,0,,,49,22,27,5,1,4,44,21,23,26,13,13,41,20,21,18,8,10,10,5,5,0,0,0,16,16,4,3,4,1,2,1,1,12,6,6,1,12,0,2,2
57390620,1,,57390604,28,13,15,5,5,0,37,16,21,23,12,11,37,16,21,14,4,10,9,2,7,0,0,0,11,11,2,6,1,2,1,2,0,11,6,5,3,11,0,2,2
57390630,0,,,34,14,20,4,2,2,30,12,18,21,9,12,28,12,16,9,3,6,4,2,2,0,0,0,12,12,3,3,3,1,0,2,0,9,5,4,1,7,0,2,1
57390639,0,,,69,30,39,3,1,2,66,29,37,25,11,14,64,29,35,41,18,23,22,8,14,0,0,0,29,29,9,9,6,3,1,0,1,20,12,8,1,25,0,7,7
57390640,0,,,22,9,13,2,1,1,20,8,12,12,5,7,20,8,12,8,3,5,5,1,4,0,0,0,10,10,2,6,0,2,0,0,0,8,7,1,0,6,0,1,3
57390641,0,,,48,23,25,2,2,0,46,21,25,26,12,14,44,20,24,20,9,11,13,5,8,0,0,0,19,19,2,10,5,1,0,0,1,17,13,4,1,14,0,1,4
57390642,1,,57390643,61,27,34,6,2,4,56,26,30,29,15,14,55,26,29,27,11,16,14,5,9,0,0,0,22,22,7,9,3,1,0,0,3,16,11,5,3,18,0,4,3
57390643,2,57390642,,1,1,0,*,*,*,*,*,*,*,*,*,*,*,*,*,*,*,*,*,*,*,*,*,1,1,*,*,*,*,*,*,*,*,*,*,*,*,*,*,*
57390650,0,,,328,156,172,37,18,19,291,138,153,164,78,86,278,133,145,127,60,67,64,27,37,0,0,0,111,111,12,47,24,9,9,4,6,99,65,34,8,79,0,7,26
57390651,0,,,11,7,4,0,0,0,11,7,4,3,3,0,11,7,4,8,4,4,3,1,2,0,0,0,5,5,1,2,2,0,0,0,0,4,3,1,0,5,0,1,1
57390652,0,,,66,32,34,6,3,3,60,29,31,36,19,17,57,26,31,24,10,14,13,5,8,3,0,3,22,22,1,10,4,3,3,1,0,21,13,8,2,15,0,1,4
57390656,0,,,58,29,29,4,3,1,54,26,28,32,19,13,53,26,27,22,7,15,14,3,11,0,0,0,22,22,8,5,4,1,1,2,1,14,7,7,2,16,0,5,2
57390660,1,,57390661,1385,627,758,232,105,127,1157,524,633,716,360,356,1115,501,614,441,164,277,280,86,194,7,6,1,470,469,115,136,88,63,36,20,11,351,264,87,57,228,7,45,62
57390661,2,57390660,,4,2,2,*,*,*,*,*,*,*,*,*,*,*,*,*,*,*,*,*,*,*,*,*,1,0,*,*,*,*,*,*,*,*,*,*,*,*,*,*,*
57390662,0,,,17,8,9,0,0,0,17,8,9,11,7,4,16,7,9,6,1,5,4,0,4,0,0,0,8,8,3,2,2,1,0,0,0,5,4,1,0,6,0,3,0
57390663,0,,,17,8,9,0,0,0,17,8,9,7,3,4,17,8,9,10,5,5,5,2,3,0,0,0,7,7,0,5,1,1,0,0,0,7,6,1,0,6,0,0,4
57390664,2,57390665,,11,8,3,*,*,*,*,*,*,*,*,*,*,*,*,*,*,*,*,*,*,*,*,*,5,5,*,*,*,*,*,*,*,*,*,*,*,*,*,*,*
57390665,1,,57390664,96,44,52,9,5,4,98,47,51,49,24,25,94,46,48,49,23,26,30,12,18,0,0,0,36,36,10,14,7,5,3,1,1,31,19,12,3,35,0,8,8
57390666,0,,,14,8,6,2,1,1,12,7,5,7,3,4,12,7,5,5,4,1,3,2,1,0,0,0,5,5,0,3,0,2,0,0,0,5,5,0,1,4,0,0,2
57390670,0,,,389,186,203,55,31,24,334,155,179,196,101,95,323,151,172,138,54,84,100,35,65,1,0,1,129,126,29,39,24,20,8,4,2,96,69,27,14,65,4,10,18
57390680,0,,,129,66,63,10,9,1,119,57,62,62,29,33,117,57,60,57,28,29,34,17,17,1,0,1,46,43,5,23,6,4,0,4,1,38,29,9,3,32,0,4,11
57390690,0,,,88,39,49,5,2,3,83,37,46,53,24,29,78,34,44,30,13,17,17,5,12,0,0,0,33,33,10,7,7,6,2,0,1,23,13,10,1,23,0,5,3
57390705,0,,,12,7,5,0,0,0,12,7,5,6,4,2,12,7,5,6,3,3,5,3,2,0,0,0,4,4,0,1,2,1,0,0,0,4,3,1,0,4,0,0,0
57390706,1,,57390707,108,53,55,15,9,6,104,49,55,62,32,30,99,46,53,42,17,25,14,2,12,0,0,0,36,36,8,12,8,1,5,3,2,31,19,12,1,29,0,6,6
57390707,2,57390706,,11,5,6,*,*,*,*,*,*,*,*,*,*,*,*,*,*,*,*,*,*,*,*,*,3,3,*,*,*,*,*,*,*,*,*,*,*,*,*,*,*
57390716,0,,,149,67,82,18,9,9,131,58,73,83,39,44,123,55,68,48,19,29,26,8,18,2,0,2,47,47,9,10,9,10,3,4,2,37,16,21,0,34,2,5,4
57390717,0,,,202,102,100,20,8,12,182,94,88,103,58,45,174,90,84,79,36,43,41,16,25,0,0,0,70,70,16,21,15,5,3,7,3,52,34,18,4,48,0,10,13
57390718,0,,,66,32,34,8,5,3,58,27,31,38,17,21,57,27,30,20,10,10,13,5,8,1,0,1,18,18,0,4,6,4,2,0,2,18,8,10,2,14,0,0,1
57390720,1,,57390730,109,53,56,12,5,7,108,51,57,60,32,28,102,46,56,48,19,29,28,11,17,0,0,0,38,38,7,13,9,4,5,2,1,34,18,16,3,34,0,3,7
57390721,0,,,10,6,4,1,1,0,9,5,4,5,3,2,7,4,3,4,2,2,2,1,1,0,0,0,4,4,3,0,0,0,0,0,1,1,0,1,0,3,0,2,0
57390727,0,,,51,22,29,4,2,2,47,20,27,27,12,15,44,19,25,20,8,12,10,3,7,0,0,0,15,15,2,2,5,3,1,1,1,13,4,9,1,13,0,0,1
57390728,0,,,68,30,38,3,0,3,65,30,35,39,20,19,62,30,32,26,10,16,15,4,11,0,0,0,22,22,6,3,5,3,2,2,1,16,5,11,1,20,0,5,1
57390730,2,57390720,,11,3,8,*,*,*,*,*,*,*,*,*,*,*,*,*,*,*,*,*,*,*,*,*,3,3,*,*,*,*,*,*,*,*,*,*,*,*,*,*,*
57390736,1,,57390745,22,12,10,0,0,0,24,13,11,11,7,4,24,13,11,13,6,7,7,2,5,0,0,0,7,7,0,4,1,2,1,0,0,8,4,4,0,8,0,0,0
57390737,0,,,35,19,16,3,2,1,32,17,15,21,13,8,30,15,15,11,4,7,8,3,5,0,0,0,11,11,1,4,3,0,2,0,1,10,7,3,0,8,0,1,3
57390738,0,,,309,153,156,36,15,21,273,138,135,173,96,77,263,132,131,100,42,58,70,23,47,2,0,2,86,86,9,26,11,16,8,6,10,76,35,41,9,67,0,5,9
57390739,0,,,218,104,114,27,17,10,191,87,104,120,58,62,184,83,101,71,29,42,39,12,27,1,0,1,62,62,4,16,17,8,8,4,5,58,29,29,7,48,0,3,5
57390745,2,57390736,,2,1,1,*,*,*,*,*,*,*,*,*,*,*,*,*,*,*,*,*,*,*,*,*,1,1,*,*,*,*,*,*,*,*,*,*,*,*,*,*,*
57390748,0,,,117,59,58,15,10,5,102,49,53,63,32,31,97,47,50,39,17,22,18,5,13,1,0,1,35,35,6,11,5,4,2,3,4,29,14,15,4,27,1,5,5
57390749,0,,,454,230,224,40,24,16,414,206,208,261,142,119,396,196,200,153,64,89,94,36,58,3,0,3,150,150,28,32,37,29,14,6,4,122,64,58,8,107,2,13,13
57390758,2,57390759,,3,1,2,*,*,*,*,*,*,*,*,*,*,*,*,*,*,*,*,*,*,*,*,*,2,2,*,*,*,*,*,*,*,*,*,*,*,*,*,*,*
57390759,1,,57390758,554,257,297,79,40,39,478,218,260,312,160,152,447,197,250,166,58,108,119,37,82,5,1,4,165,163,39,29,29,35,15,8,10,125,68,57,23,94,5,14,9
57390768,0,,,98,49,49,5,2,3,93,47,46,58,31,27,88,43,45,35,16,19,19,6,13,0,0,0,29,29,4,7,6,4,3,4,1,25,13,12,2,25,0,2,1
57390769,0,,,169,81,88,18,8,10,151,73,78,106,56,50,148,71,77,45,17,28,23,7,16,1,0,1,50,50,6,16,8,8,5,3,4,43,25,18,7,32,0,2,4
57390778,0,,,116,51,65,7,2,5,109,49,60,68,34,34,102,47,55,41,15,26,25,9,16,1,0,1,37,37,8,9,5,5,7,1,2,29,15,14,2,29,0,6,6
57390779,0,,,808,381,427,121,58,63,687,323,364,450,222,228,655,307,348,237,101,136,151,52,99,4,1,3,249,248,40,62,53,44,27,10,12,207,133,74,44,136,1,23,23
57390788,0,,,36,15,21,2,0,2,34,15,19,20,9,11,34,15,19,14,6,8,10,3,7,0,0,0,11,11,0,3,4,3,0,1,0,11,5,6,0,10,0,0,1
57390789,0,,,380,178,202,39,15,24,341,163,178,214,107,107,324,153,171,127,56,71,81,38,43,2,0,2,122,122,24,28,27,18,9,12,4,98,53,45,11,83,1,13,12
57390798,0,,,58,27,31,6,2,4,52,25,27,32,18,14,51,25,26,20,7,13,14,5,9,0,0,0,13,13,1,3,0,1,3,4,1,12,4,8,0,12,0,1,0
57390799,0,,,319,163,156,38,20,18,281,143,138,184,100,84,267,134,133,97,43,54,57,20,37,3,0,3,88,88,11,20,13,14,12,15,3,76,35,41,12,66,0,6,8
57391208,0,,,263,120,143,26,15,11,237,105,132,133,69,64,226,99,127,104,36,68,58,21,37,0,0,0,88,88,17,26,18,11,6,5,5,71,44,27,5,71,0,13,11
57391209,0,,,128,59,69,9,5,4,119,54,65,72,37,35,114,52,62,47,17,30,24,7,17,0,0,0,46,46,9,15,8,8,5,0,1,37,27,10,3,32,0,5,5
57391219,0,,,37,14,23,2,0,2,35,14,21,23,10,13,33,13,20,12,4,8,10,3,7,0,0,0,11,11,1,3,1,3,3,0,0,10,4,6,0,8,0,0,1
57391300,0,,,77,39,38,12,7,5,65,32,33,49,24,25,62,32,30,16,8,8,10,5,5,0,0,0,22,22,2,6,5,4,2,1,2,20,14,6,3,12,0,2,0
57391301,0,,,306,149,157,40,17,23,266,132,134,175,89,86,253,124,129,91,43,48,36,13,23,2,0,2,90,90,15,19,17,13,13,7,6,75,43,32,12,65,0,9,10
57391302,0,,,268,132,136,26,17,9,242,115,127,149,74,75,231,109,122,93,41,52,53,22,31,0,0,0,72,72,10,14,14,8,12,7,7,62,25,37,6,56,0,3,6
57391303,0,,,257,138,119,24,14,10,233,124,109,153,88,65,225,119,106,80,36,44,45,14,31,0,0,0,72,72,7,19,15,9,11,4,7,65,32,33,10,53,0,3,7
57391304,0,,,57,29,28,11,5,6,46,24,22,30,16,14,44,23,21,16,8,8,2,0,2,0,0,0,17,17,2,2,6,4,2,0,1,15,12,3,1,12,0,2,1
57391305,0,,,154,78,76,10,4,6,144,74,70,85,50,35,138,71,67,59,24,35,26,7,19,0,0,0,47,47,7,13,8,8,5,2,4,40,19,21,4,34,0,1,6
57391306,0,,,78,42,36,6,5,1,72,37,35,40,21,19,68,35,33,32,16,16,13,6,7,0,0,0,21,21,1,5,4,3,6,1,1,20,11,9,3,18,0,1,4
57391310,0,,,58,25,33,5,3,2,53,22,31,35,18,17,50,21,29,18,4,14,12,1,11,0,0,0,18,18,3,3,6,3,0,2,1,15,5,10,0,15,0,1,0
57391311,0,,,146,71,75,9,5,4,137,66,71,88,46,42,131,62,69,49,20,29,26,8,18,0,0,0,42,42,2,11,10,9,5,4,1,40,20,20,1,34,0,0,6
57391312,0,,,280,110,170,31,17,14,249,93,156,99,52,47,239,90,149,150,41,109,123,26,97,0,0,0,54,52,9,11,6,11,8,6,1,43,26,17,7,32,0,5,3
57391313,0,,,108,53,55,5,3,2,103,50,53,64,32,32,98,49,49,39,18,21,21,5,16,0,0,0,31,31,5,5,6,4,7,4,0,25,10,15,1,26,0,4,1
57391314,0,,,631,302,329,72,36,36,559,266,293,371,194,177,530,253,277,188,72,116,92,29,63,4,2,2,229,229,46,78,41,33,16,12,3,181,140,41,19,129,1,24,25
57391315,1,,57391316,240,118,122,31,20,11,217,102,115,141,69,72,211,101,110,76,33,43,41,16,25,1,0,1,75,75,8,23,21,12,4,7,3,68,40,28,14,52,0,5,7
57391316,2,57391315,,8,4,4,*,*,*,*,*,*,*,*,*,*,*,*,*,*,*,*,*,*,*,*,*,3,3,*,*,*,*,*,*,*,*,*,*,*,*,*,*,*
57391320,0,,,65,39,26,1,1,0,64,38,26,46,30,16,61,35,26,18,8,10,10,2,8,0,0,0,33,33,17,9,3,2,0,1,1,16,10,6,0,14,12,1,5
57391321,0,,,481,229,252,39,18,21,442,211,231,264,139,125,421,201,220,178,72,106,108,34,74,1,0,1,137,136,19,38,24,17,21,11,6,117,69,48,16,92,7,9,20
57391322,0,,,300,151,149,15,7,8,285,144,141,179,100,79,269,136,133,106,44,62,66,25,41,0,0,0,84,84,5,20,21,15,11,8,4,79,37,42,5,67,0,4,11
57391323,0,,,13,7,6,0,0,0,13,7,6,8,4,4,13,7,6,5,3,2,1,1,0,0,0,0,5,5,0,3,1,1,0,0,0,5,5,0,0,3,0,0,2
57391324,0,,,184,82,102,17,8,9,167,74,93,119,53,66,160,71,89,48,21,27,25,7,18,18,0,18,70,70,26,16,9,8,4,5,2,44,25,19,4,32,16,3,6
57391325,0,,,847,407,440,111,62,49,736,345,391,515,245,270,673,308,365,221,100,121,78,30,48,5,2,3,329,329,86,100,63,40,29,10,1,242,200,42,32,159,6,36,41
57391326,0,,,145,73,72,21,11,10,124,62,62,79,41,38,118,59,59,45,21,24,26,12,14,0,0,0,37,37,3,8,6,8,3,6,3,33,16,17,5,26,0,1,4
57391327,0,,,22,9,13,3,0,3,19,9,10,11,6,5,18,9,9,8,3,5,4,1,3,0,0,0,6,6,1,2,1,0,0,0,2,5,3,2,0,5,0,0,1
57391328,1,,57391329,219,108,111,19,9,10,203,101,102,115,58,57,196,97,99,88,43,45,43,16,27,0,0,0,69,69,6,23,15,12,8,5,1,64,39,25,5,55,0,5,11
57391329,2,57391328,,3,2,1,*,*,*,*,*,*,*,*,*,*,*,*,*,*,*,*,*,*,*,*,*,1,1,*,*,*,*,*,*,*,*,*,*,*,*,*,*,*
57391330,0,,,314,143,171,24,12,12,290,131,159,161,77,84,282,128,154,129,54,75,73,26,47,0,0,0,119,119,29,34,26,17,7,6,0,90,64,26,4,91,1,21,20
57391331,0,,,24,12,12,0,0,0,24,12,12,14,8,6,22,11,11,10,4,6,6,2,4,0,0,0,10,10,3,3,2,1,1,0,0,7,6,1,0,8,0,3,1
57391332,0,,,172,79,93,12,3,9,160,76,84,103,49,54,151,72,79,57,27,30,28,7,21,0,0,0,57,57,8,17,13,9,6,3,1,49,33,16,4,41,0,7,7
57391333,0,,,35,14,21,4,1,3,31,13,18,15,6,9,30,13,17,16,7,9,10,4,6,0,0,0,12,12,2,4,2,2,1,1,0,10,6,4,1,9,0,1,2
57391335,0,,,1628,760,868,203,113,90,1425,647,778,938,454,484,1340,607,733,487,193,294,270,87,183,9,0,9,572,569,128,171,117,92,36,15,10,437,337,100,66,275,5,58,63
57391336,0,,,907,421,486,120,58,62,787,363,424,543,266,277,742,340,402,244,97,147,132,47,85,12,6,6,284,283,39,70,69,47,29,19,10,242,151,91,38,159,1,16,30
57391337,0,,,337,165,172,39,23,16,298,142,156,184,93,91,273,128,145,114,49,65,62,20,42,0,0,0,99,99,10,35,15,11,9,11,8,88,49,39,10,74,0,6,11
57391338,0,,,105,48,57,12,8,4,93,40,53,60,25,35,89,38,51,33,15,18,16,4,12,0,0,0,32,32,2,10,6,9,2,2,1,30,16,14,2,26,0,1,5
57391339,0,,,71,37,34,5,2,3,66,35,31,36,20,16,64,33,31,30,15,15,17,7,10,0,0,0,21,21,1,5,8,2,2,3,0,20,9,11,0,19,0,1,3
57391342,0,,,653,318,335,55,28,27,598,290,308,380,194,186,566,274,292,218,96,122,117,40,77,0,0,0,189,189,26,36,45,28,29,15,10,163,78,85,21,143,0,16,17
57391343,0,,,156,76,80,12,6,6,144,70,74,89,47,42,139,66,73,55,23,32,34,12,22,0,0,0,47,47,5,13,12,5,7,2,3,42,19,23,3,36,0,4,7
57391344,0,,,108,54,54,7,3,4,101,51,50,69,36,33,96,51,45,32,15,17,24,10,14,0,0,0,34,34,5,8,6,8,5,2,0,29,18,11,2,23,0,2,3
57391345,0,,,1250,589,661,127,64,63,1123,525,598,698,343,355,1062,501,561,425,182,243,228,98,130,10,7,3,491,490,129,155,93,66,25,18,4,360,274,86,37,289,9,60,68
57391346,0,,,664,325,339,97,43,54,567,282,285,402,210,192,536,269,267,165,72,93,76,28,48,2,1,1,266,266,86,70,48,34,13,12,3,175,134,41,24,109,14,20,24
57391348,1,,57391358,161,75,86,21,10,11,153,71,82,95,47,48,147,69,78,58,24,34,31,8,23,0,0,0,48,48,7,8,13,7,9,4,2,43,17,26,6,39,0,3,2
57391352,0,,,101,49,52,10,6,4,91,43,48,49,21,28,87,41,46,42,22,20,29,15,14,0,0,0,32,32,6,6,3,13,2,2,0,25,10,15,2,26,0,4,3
57391353,0,,,103,51,52,5,2,3,98,49,49,58,34,24,93,45,48,40,15,25,27,10,17,1,0,1,34,34,6,10,5,5,6,2,0,28,17,11,0,28,0,4,3
57391354,0,,,579,273,306,65,34,31,514,239,275,298,150,148,489,229,260,216,89,127,129,44,85,0,0,0,172,170,19,50,36,30,23,7,5,151,98,53,13,121,0,14,22
57391355,0,,,1093,528,565,158,77,81,935,451,484,621,319,302,873,422,451,314,132,182,152,56,96,2,1,1,354,354,59,85,85,60,33,23,9,292,199,93,39,203,2,30,39
57391356,0,,,703,331,372,90,46,44,613,285,328,396,197,199,584,269,315,217,88,129,117,42,75,0,0,0,228,228,43,58,44,42,17,13,11,184,119,65,22,153,0,31,24
57391357,0,,,243,124,119,20,13,7,223,111,112,135,73,62,207,102,105,88,38,50,33,9,24,0,0,0,82,82,13,26,17,12,8,3,3,69,44,25,4,66,0,10,14
57391358,2,57391348,,13,6,7,*,*,*,*,*,*,*,*,*,*,*,*,*,*,*,*,*,*,*,*,*,2,2,*,*,*,*,*,*,*,*,*,*,*,*,*,*,*
57391362,0,,,230,113,117,22,10,12,208,103,105,111,60,51,200,99,101,97,43,54,49,21,28,0,0,0,80,80,20,23,16,9,3,3,6,59,40,19,3,64,0,14,15
57391363,0,,,340,173,167,18,10,8,322,163,159,187,108,79,312,156,156,135,55,80,80,26,54,0,0,0,118,118,23,37,23,17,6,8,4,95,50,45,4,91,0,10,15
57391364,0,,,263,131,132,22,13,9,241,118,123,143,73,70,227,111,116,98,45,53,54,20,34,0,0,0,85,85,14,22,19,15,7,4,4,71,38,33,3,63,0,5,8
57391365,0,,,55,27,28,1,1,0,54,26,28,39,19,20,53,25,28,15,7,8,9,4,5,0,0,0,20,20,3,6,7,3,0,0,1,16,11,5,0,11,0,1,1
57391366,0,,,263,129,134,33,15,18,230,114,116,146,78,68,214,104,110,84,36,48,50,20,30,1,0,1,85,85,12,29,11,16,10,3,4,73,48,25,12,56,0,6,12
57391367,0,,,158,69,89,19,8,11,139,61,78,90,44,46,137,60,77,49,17,32,25,6,19,3,0,3,53,53,9,17,8,8,8,2,1,44,30,14,8,37,0,7,8
57391372,0,,,272,137,135,25,17,8,247,120,127,158,85,73,238,115,123,89,35,54,54,16,38,0,0,0,86,86,15,26,11,16,6,6,6,71,43,28,7,64,0,11,12
57391373,0,,,114,55,59,9,5,4,105,50,55,61,34,27,99,46,53,44,16,28,24,7,17,0,0,0,38,38,6,9,13,4,2,3,1,32,21,11,1,29,0,3,4
57391374,0,,,42,22,20,4,4,0,38,18,20,19,9,10,37,17,20,19,9,10,10,4,6,0,0,0,12,12,1,2,5,1,1,1,1,11,3,8,1,10,0,0,2
57391375,0,,,55,28,27,0,0,0,55,28,27,34,19,15,53,27,26,21,9,12,13,6,7,0,0,0,15,15,1,4,5,0,0,4,1,14,9,5,0,13,0,1,1
57391376,0,,,637,306,331,64,32,32,573,274,299,342,176,166,539,257,282,231,98,133,118,41,77,1,0,1,187,187,25,48,33,32,22,15,12,162,76,86,20,152,0,19,27
57391377,0,,,46,21,25,6,3,3,40,18,22,24,10,14,40,18,22,16,8,8,7,2,5,0,0,0,13,13,1,5,1,3,1,1,1,12,8,4,2,10,0,0,2
57391383,0,,,570,274,296,42,20,22,528,254,274,306,160,146,505,242,263,222,94,128,120,46,74,0,0,0,195,195,39,63,31,28,14,13,7,156,102,54,15,145,0,28,36
57391384,0,,,348,163,185,38,19,19,310,144,166,197,97,100,291,135,156,113,47,66,84,34,50,1,0,1,106,106,19,19,25,18,13,7,5,87,38,49,6,73,1,11,8
57391385,0,,,332,158,174,38,14,24,294,144,150,183,95,88,282,137,145,111,49,62,60,25,35,0,0,0,91,91,8,17,24,22,4,6,10,83,40,43,4,70,0,5,6
57391386,0,,,32,14,18,8,3,5,24,11,13,18,8,10,21,10,11,6,3,3,2,1,1,0,0,0,10,10,1,3,1,3,2,0,0,9,9,0,1,4,0,1,1
57391387,0,,,197,100,97,18,12,6,179,88,91,104,53,51,175,87,88,75,35,40,39,16,23,1,0,1,56,56,7,11,16,7,9,1,5,49,21,28,7,48,0,6,4
57391393,0,,,330,148,182,29,11,18,301,137,164,175,90,85,282,125,157,126,47,79,69,23,46,0,0,0,111,111,24,32,15,18,12,7,3,87,49,38,3,87,0,18,14
57391394,0,,,284,134,150,43,18,25,241,116,125,164,85,79,232,110,122,77,31,46,50,16,34,0,0,0,86,86,16,21,13,13,10,7,6,70,40,30,10,56,1,10,5
57391395,0,,,118,57,61,12,8,4,106,49,57,66,35,31,103,49,54,40,14,26,25,8,17,0,0,0,35,35,6,9,3,8,5,2,2,29,11,18,2,24,0,1,5
57391396,0,,,45,19,26,3,0,3,42,19,23,29,16,13,37,17,20,13,3,10,9,2,7,0,0,0,12,12,0,1,5,4,0,2,0,12,3,9,0,11,0,0,0
57391397,1,,57391398,199,94,105,22,12,10,187,88,99,103,50,53,180,85,95,84,38,46,47,17,30,0,0,0,58,58,9,13,15,9,9,2,5,52,23,29,5,53,0,7,8
57391398,2,57391397,,10,6,4,*,*,*,*,*,*,*,*,*,*,*,*,*,*,*,*,*,*,*,*,*,4,4,*,*,*,*,*,*,*,*,*,*,*,*,*,*,*
57391399,0,,,138,71,67,11,5,6,127,66,61,75,39,36,127,66,61,52,27,25,31,13,18,0,0,0,44,44,6,10,16,5,3,1,3,38,22,16,3,35,0,4,4
57391401,0,,,122,58,64,13,9,4,109,49,60,53,28,25,104,47,57,56,21,35,38,13,25,1,0,1,34,34,2,10,8,5,2,4,3,32,15,17,1,33,0,2,4
57391402,0,,,41,21,20,8,4,4,33,17,16,24,13,11,32,17,15,9,4,5,7,3,4,0,0,0,10,10,0,2,2,3,1,0,2,10,6,4,1,6,0,0,0
57391403,0,,,193,96,97,25,12,13,168,84,84,94,48,46,160,81,79,74,36,38,41,17,24,4,2,2,55,55,6,11,16,10,3,3,6,49,24,25,5,45,0,5,8
57391404,0,,,164,81,83,24,8,16,140,73,67,73,44,29,130,65,65,67,29,38,36,15,21,0,0,0,52,52,8,17,9,6,6,1,5,44,27,17,4,40,0,5,12
57391405,0,,,499,244,255,56,29,27,443,215,228,263,138,125,418,202,216,180,77,103,110,42,68,2,0,2,175,175,42,47,31,29,12,5,9,131,84,47,12,119,2,23,26
57391406,0,,,376,161,215,43,19,24,333,142,191,181,86,95,315,135,180,152,56,96,88,32,56,0,0,0,115,113,31,26,19,10,13,7,7,79,42,37,11,77,1,17,11
57391411,0,,,66,28,38,8,2,6,58,26,32,24,12,12,57,26,31,34,14,20,19,7,12,0,0,0,21,21,2,10,2,2,1,3,1,19,11,8,3,19,0,1,8
57391412,0,,,177,85,92,16,10,6,161,75,86,81,42,39,159,75,84,80,33,47,53,19,34,2,0,2,62,62,12,16,17,8,5,3,1,50,30,20,5,53,0,10,10
57391413,0,,,179,93,86,18,11,7,161,82,79,100,55,45,156,80,76,61,27,34,35,16,19,1,0,1,54,54,12,8,11,9,6,5,3,41,18,23,6,39,0,7,1
57391414,0,,,749,365,384,97,61,36,652,304,348,430,218,212,614,284,330,222,86,136,127,42,85,4,1,3,272,272,63,80,55,40,16,10,8,208,147,61,26,158,4,38,28
57391415,0,,,109,36,73,7,2,5,102,34,68,34,18,16,99,33,66,68,16,52,56,13,43,0,0,0,20,19,2,6,4,3,2,2,0,17,9,8,1,12,0,1,1
57391416,0,,,207,72,135,17,8,9,190,64,126,65,28,37,188,63,125,125,36,89,96,22,74,0,0,0,44,42,6,12,8,6,4,5,1,36,16,20,6,34,0,2,5
57391421,0,,,333,161,172,34,20,14,299,141,158,174,94,80,289,135,154,125,47,78,75,30,45,1,0,1,107,107,16,31,24,15,10,5,6,91,54,37,7,82,0,9,14
57391422,1,,57391432,339,164,175,43,21,22,304,146,158,183,93,90,291,137,154,121,53,68,71,22,49,1,0,1,93,93,12,22,14,18,10,10,9,82,34,48,11,79,0,6,10
57391423,1,,57391433,51,22,29,5,3,2,53,23,30,33,17,16,48,19,29,20,6,14,13,3,10,0,0,0,14,14,6,2,2,1,4,3,0,12,4,8,0,14,0,4,0
57391424,0,,,160,76,84,13,7,6,147,69,78,86,46,40,142,65,77,61,23,38,31,9,22,0,0,0,55,55,10,18,12,5,6,1,3,44,21,23,3,42,0,7,6
57391425,0,,,30,13,17,1,0,1,29,13,16,19,10,9,29,13,16,10,3,7,7,2,5,0,0,0,10,10,0,5,3,0,1,1,0,9,6,3,0,6,0,0,1
57391431,0,,,52,26,26,2,1,1,50,25,25,22,12,10,49,25,24,28,13,15,16,6,10,0,0,0,20,20,4,5,8,1,2,0,0,16,10,6,1,20,0,4,4
57391432,2,57391422,,8,3,5,*,*,*,*,*,*,*,*,*,*,*,*,*,*,*,*,*,*,*,*,*,2,2,*,*,*,*,*,*,*,*,*,*,*,*,*,*,*
57391433,2,57391423,,7,4,3,*,*,*,*,*,*,*,*,*,*,*,*,*,*,*,*,*,*,*,*,*,4,4,*,*,*,*,*,*,*,*,*,*,*,*,*,*,*
57391441,0,,,17,8,9,2,1,1,15,7,8,7,4,3,15,7,8,8,3,5,4,1,3,0,0,0,5,5,1,1,1,1,0,0,1,2,1,1,1,4,0,1,0
57391442,2,57391443,,3,3,0,*,*,*,*,*,*,*,*,*,*,*,*,*,*,*,*,*,*,*,*,*,1,1,*,*,*,*,*,*,*,*,*,*,*,*,*,*,*
57391443,1,,57391442,84,43,41,10,6,4,77,40,37,53,30,23,74,37,37,24,10,14,19,6,13,2,0,2,21,21,1,4,4,6,3,1,3,20,4,16,3,17,0,1,0
57391452,0,,,43,21,22,10,5,5,33,16,17,16,8,8,33,16,17,17,8,9,9,4,5,0,0,0,9,9,0,2,4,0,0,0,3,9,3,6,2,9,0,0,2
57391453,0,,,123,66,57,18,13,5,105,53,52,60,31,29,99,51,48,45,22,23,23,8,15,0,0,0,35,35,4,14,2,2,7,2,4,31,18,13,1,28,0,4,8
57391454,0,,,18,6,12,0,0,0,18,6,12,7,3,4,17,6,11,11,3,8,7,1,6,0,0,0,7,7,1,2,3,1,0,0,0,5,3,2,0,7,0,1,0
57391455,0,,,54,25,29,4,4,0,50,21,29,31,13,18,47,18,29,19,8,11,12,4,8,0,0,0,16,16,4,3,4,0,1,2,2,11,5,6,3,13,0,2,2
57391462,0,,,146,79,67,10,7,3,136,72,64,82,46,36,130,68,62,54,26,28,34,15,19,1,0,1,47,47,8,13,10,7,5,1,3,38,25,13,4,33,0,4,7
57391463,0,,,173,79,94,13,8,5,160,71,89,94,48,46,146,64,82,66,23,43,40,12,28,0,0,0,51,51,7,11,9,11,10,0,3,44,19,25,1,41,0,6,7
57391464,0,,,87,45,42,5,3,2,82,42,40,51,28,23,79,41,38,31,14,17,25,11,14,0,0,0,24,24,2,5,5,4,5,2,1,22,7,15,1,22,0,2,2
57391465,0,,,17,9,8,0,0,0,17,9,8,6,5,1,17,9,8,11,4,7,7,2,5,0,0,0,7,7,0,4,3,0,0,0,0,7,6,1,0,7,0,0,3
57391473,0,,,53,21,32,2,1,1,51,20,31,34,16,18,48,19,29,17,4,13,11,3,8,0,0,0,14,14,0,0,7,5,0,2,0,14,4,10,1,11,0,0,0
57391474,2,57391475,,6,2,4,*,*,*,*,*,*,*,*,*,*,*,*,*,*,*,*,*,*,*,*,*,1,1,*,*,*,*,*,*,*,*,*,*,*,*,*,*,*
57391475,1,,57391474,107,48,59,11,6,5,102,44,58,54,28,26,98,43,55,48,16,32,35,12,23,0,0,0,34,34,7,7,7,7,2,2,3,26,13,13,4,31,1,6,1
57391487,0,,,15,8,7,1,0,1,14,8,6,9,6,3,13,7,6,5,2,3,1,0,1,0,0,0,6,6,2,0,3,1,0,0,0,4,4,0,0,3,0,1,0
57391491,0,,,19,8,11,2,1,1,17,7,10,8,2,6,17,7,10,9,5,4,6,2,4,0,0,0,7,7,1,3,2,0,0,1,0,6,4,2,0,7,0,1,1
57391492,0,,,32,14,18,1,0,1,31,14,17,18,8,10,30,13,17,13,6,7,6,3,3,0,0,0,14,14,7,3,1,1,1,0,1,7,4,3,1,9,0,5,1
57391497,1,,57391498,13,6,7,4,2,2,18,7,11,10,3,7,18,7,11,8,4,4,6,3,3,0,0,0,4,4,0,3,1,0,0,1,1,5,2,3,0,5,0,0,2
57391498,2,57391497,,9,3,6,*,*,*,*,*,*,*,*,*,*,*,*,*,*,*,*,*,*,*,*,*,2,2,*,*,*,*,*,*,*,*,*,*,*,*,*,*,*
57391508,1,,57391509,65,33,32,4,1,3,66,34,32,35,20,15,62,33,29,31,14,17,20,7,13,0,0,0,21,21,5,7,4,1,3,1,2,18,10,8,1,20,0,3,2
57391509,2,57391508,,5,2,3,*,*,*,*,*,*,*,*,*,*,*,*,*,*,*,*,*,*,*,*,*,2,2,*,*,*,*,*,*,*,*,*,*,*,*,*,*,*
57391518,0,,,19,10,9,4,2,2,15,8,7,9,4,5,14,7,7,6,4,2,4,2,2,0,0,0,8,8,4,2,0,1,0,0,1,4,3,1,1,6,0,3,0
57391519,0,,,83,40,43,7,1,6,76,39,37,43,26,17,72,36,36,33,13,20,20,8,12,0,0,0,29,29,6,9,5,3,4,2,0,23,10,13,3,22,0,4,5
57391528,0,,,30,16,14,2,1,1,28,15,13,15,7,8,28,15,13,13,8,5,9,5,4,0,0,0,11,11,3,4,1,1,1,0,1,8,3,5,1,9,0,3,1
57391529,0,,,137,73,64,4,3,1,133,70,63,75,43,32,124,63,61,58,27,31,31,13,18,1,0,1,46,46,5,19,8,4,7,2,1,41,28,13,0,40,0,4,7
57391538,0,,,91,43,48,8,4,4,83,39,44,50,26,24,73,33,40,33,13,20,21,6,15,0,0,0,27,27,6,4,8,1,3,3,2,21,7,14,1,25,0,5,2
57391539,0,,,52,23,29,7,2,5,45,21,24,28,15,13,44,20,24,17,6,11,13,5,8,0,0,0,20,20,6,6,2,4,1,0,1,14,8,6,1,13,0,3,3
57391548,1,,57391549,23,9,14,3,2,1,28,12,16,16,6,10,28,12,16,12,6,6,8,4,4,0,0,0,9,9,2,2,3,2,0,0,1,8,3,5,1,7,0,1,1
57391549,2,57391548,,8,5,3,*,*,*,*,*,*,*,*,*,*,*,*,*,*,*,*,*,*,*,*,*,1,1,*,*,*,*,*,*,*,*,*,*,*,*,*,*,*
57391558,2,57391559,,7,4,3,*,*,*,*,*,*,*,*,*,*,*,*,*,*,*,*,*,*,*,*,*,2,2,*,*,*,*,*,*,*,*,*,*,*,*,*,*,*
57391559,1,,57391558,18,11,7,3,2,1,22,13,9,13,9,4,20,11,9,9,4,5,5,3,2,0,0,0,6,6,3,0,1,2,1,1,0,5,1,4,0,6,0,2,0
57391569,0,,,31,19,12,2,1,1,29,18,11,16,13,3,27,16,11,13,5,8,12,5,7,0,0,0,12,12,5,0,5,0,1,1,0,7,3,4,0,9,0,2,0
57391579,0,,,67,36,31,7,2,5,60,34,26,34,21,13,56,31,25,26,13,13,14,7,7,0,0,0,18,18,2,3,6,2,2,1,2,16,6,10,1,15,0,1,2
57391589,0,,,36,17,19,2,2,0,34,15,19,22,12,10,28,12,16,12,3,9,6,0,6,0,0,0,11,11,1,4,2,2,0,1,1,10,5,5,0,9,0,1,1
57391598,2,57391599,,6,3,3,*,*,*,*,*,*,*,*,*,*,*,*,*,*,*,*,*,*,*,*,*,2,2,*,*,*,*,*,*,*,*,*,*,*,*,*,*,*
57391599,1,,57391598,88,46,42,6,4,2,88,45,43,44,24,20,87,44,43,44,21,23,26,11,15,0,0,0,31,31,5,10,8,6,3,1,0,28,14,14,1,27,0,5,2
57391604,2,57391614,,9,4,5,*,*,*,*,*,*,*,*,*,*,*,*,*,*,*,*,*,*,*,*,*,3,3,*,*,*,*,*,*,*,*,*,*,*,*,*,*,*
57391610,0,,,26,12,14,2,0,2,24,12,12,13,6,7,21,10,11,11,6,5,3,0,3,0,0,0,10,10,3,4,0,1,1,1,0,7,3,4,1,8,0,2,1
57391614,1,,57391604,10,6,4,0,0,0,19,10,9,11,7,4,19,10,9,8,3,5,5,2,3,0,0,0,6,6,4,2,1,2,0,0,0,5,2,3,0,7,0,3,0
57391620,0,,,25,11,14,4,1,3,21,10,11,14,7,7,20,9,11,7,3,4,6,2,4,1,0,1,5,5,0,0,0,3,0,1,1,5,0,5,1,5,0,0,0
57391630,0,,,59,30,29,1,1,0,58,29,29,38,21,17,53,25,28,20,8,12,14,5,9,0,0,0,17,17,4,2,2,4,3,1,1,13,5,8,1,14,0,4,1
57391631,1,,57391632,60,32,28,2,1,1,67,36,31,34,18,16,67,36,31,33,18,15,23,11,12,0,0,0,24,24,5,11,4,5,2,0,0,22,16,6,2,23,0,4,5
57391632,2,57391631,,9,5,4,*,*,*,*,*,*,*,*,*,*,*,*,*,*,*,*,*,*,*,*,*,3,3,*,*,*,*,*,*,*,*,*,*,*,*,*,*,*
57391672,2,57391673,,8,6,2,*,*,*,*,*,*,*,*,*,*,*,*,*,*,*,*,*,*,*,*,*,2,2,*,*,*,*,*,*,*,*,*,*,*,*,*,*,*
57391673,1,,57391672,15,10,5,0,0,0,23,16,7,10,9,1,23,16,7,13,7,6,5,2,3,0,0,0,9,9,3,6,1,0,1,0,0,8,7,1,0,10,0,2,2
57391674,0,,,17,8,9,3,1,2,14,7,7,9,5,4,14,7,7,5,2,3,5,2,3,0,0,0,4,4,1,1,0,0,1,0,1,3,1,2,1,3,0,0,0
57391682,0,,,58,27,31,2,2,0,56,25,31,33,17,16,52,24,28,23,8,15,11,3,8,0,0,0,17,17,3,2,4,3,3,2,0,14,2,12,1,15,1,2,1
57391683,0,,,63,35,28,5,3,2,58,32,26,33,19,14,56,30,26,25,13,12,13,6,7,0,0,0,20,20,3,3,9,3,0,0,2,17,7,10,0,16,0,1,1
57391690,0,,,46,26,20,2,1,1,44,25,19,21,12,9,41,23,18,23,13,10,17,10,7,0,0,0,14,14,3,4,2,1,1,2,1,11,5,6,0,13,0,2,3
57391691,0,,,80,41,39,4,2,2,76,39,37,43,25,18,72,36,36,33,14,19,20,8,12,0,0,0,24,24,5,6,1,4,4,4,0,19,6,13,0,23,0,5,1
57391708,0,,,17,8,9,2,0,2,15,8,7,11,6,5,15,8,7,4,2,2,4,2,2,1,0,1,6,6,1,3,1,0,0,0,1,5,4,1,1,4,0,1,0
57391709,0,,,194,92,102,22,11,11,172,81,91,111,55,56,163,75,88,61,26,35,31,10,21,0,0,0,54,54,5,13,8,14,8,1,5,48,20,28,3,41,0,3,3
57391718,1,,57391728,94,47,47,15,7,8,83,41,42,47,26,21,80,39,41,36,15,21,15,4,11,0,0,0,25,25,5,5,3,3,3,3,4,21,7,14,4,24,0,4,2
57391719,0,,,212,114,98,22,14,8,190,100,90,127,70,57,177,92,85,63,30,33,43,19,24,0,0,0,53,53,5,10,8,9,9,6,6,48,21,27,7,37,0,2,2
57391728,2,57391718,,4,1,3,*,*,*,*,*,*,*,*,*,*,*,*,*,*,*,*,*,*,*,*,*,1,1,*,*,*,*,*,*,*,*,*,*,*,*,*,*,*
57391729,0,,,144,72,72,16,8,8,128,64,64,64,37,27,123,62,61,64,27,37,40,14,26,3,2,1,38,36,5,9,3,10,3,4,2,31,15,16,6,30,0,3,5
57391738,0,,,19,9,10,1,0,1,18,9,9,13,7,6,18,9,9,5,2,3,3,1,2,0,0,0,7,7,1,2,2,2,0,0,0,6,2,4,0,5,0,1,0
57391739,0,,,401,154,247,31,14,17,370,140,230,138,65,73,365,139,226,232,75,157,183,52,131,5,0,5,74,72,12,12,8,18,11,7,4,59,16,43,6,65,0,11,8
57391749,0,,,163,79,84,22,10,12,141,69,72,80,42,38,134,65,69,61,27,34,32,11,21,1,0,1,43,43,3,9,12,3,7,6,3,40,19,21,4,35,0,2,5
57391759,0,,,23,10,13,6,2,4,17,8,9,10,5,5,17,8,9,7,3,4,3,1,2,0,0,0,7,7,1,1,2,1,2,0,0,6,3,3,2,4,0,0,0
57391769,0,,,25,12,13,7,2,5,18,10,8,10,6,4,18,10,8,8,4,4,4,2,2,0,0,0,6,6,1,0,2,0,1,1,1,5,2,3,2,5,0,0,0
57392304,0,,,148,32,116,2,1,1,146,31,115,24,9,15,144,31,113,122,22,100,112,15,97,0,0,0,14,12,1,3,4,1,2,0,1,11,6,5,1,11,0,1,1
57392305,0,,,123,53,70,19,3,16,104,50,54,67,32,35,100,49,51,37,18,19,24,12,12,0,0,0,34,34,5,7,3,9,4,3,3,28,13,15,5,24,0,1,2
57392306,0,,,314,144,170,29,15,14,285,129,156,170,88,82,270,122,148,115,41,74,52,17,35,0,0,0,87,87,11,14,18,19,12,9,4,76,27,49,9,75,0,9,7
57392307,0,,,182,91,91,23,11,12,159,80,79,94,53,41,154,76,78,65,27,38,36,11,25,4,2,2,56,56,10,16,8,7,4,9,2,46,23,23,6,47,0,7,7
57392308,0,,,71,36,35,12,9,3,59,27,32,33,14,19,55,26,29,26,13,13,10,4,6,0,0,0,20,20,2,6,5,1,0,4,2,18,9,9,2,16,0,0,4
57392309,0,,,179,88,91,21,13,8,158,75,83,95,47,48,147,70,77,63,28,35,39,16,23,1,0,1,57,57,12,17,8,7,4,4,5,45,25,20,6,42,0,4,10
57392315,0,,,434,225,209,50,26,24,381,196,185,273,145,128,352,177,175,108,51,57,45,18,27,7,2,5,200,200,88,49,29,17,11,4,2,112,90,22,15,75,29,15,20
57392316,0,,,133,60,73,11,6,5,122,54,68,80,35,45,117,54,63,42,19,23,19,8,11,0,0,0,50,50,13,11,12,11,2,0,1,37,29,8,3,25,3,3,7
57392318,0,,,471,223,248,46,24,22,425,199,226,261,130,131,408,191,217,164,69,95,104,41,63,3,1,2,142,142,20,30,32,27,18,10,5,122,59,63,9,108,0,14,12
57392319,0,,,71,38,33,4,3,1,67,35,32,36,21,15,62,31,31,31,14,17,19,9,10,0,0,0,20,20,2,7,3,1,3,2,2,18,7,11,2,18,0,1,3
57392324,0,,,1010,505,505,96,54,42,912,450,462,588,317,271,821,394,427,324,133,191,165,65,100,1,0,1,429,429,196,78,60,39,26,22,8,232,141,91,17,219,76,50,41
57392325,0,,,1283,610,673,135,72,63,1144,535,609,709,364,345,1001,462,539,435,171,264,250,87,163,0,0,0,526,524,242,92,91,48,27,15,9,280,202,78,31,230,75,59,48
57392326,0,,,389,184,205,63,32,31,325,152,173,205,95,110,303,145,158,120,57,63,58,28,30,0,0,0,103,103,12,23,19,14,12,11,12,91,45,46,14,73,0,5,10
57392327,0,,,118,61,57,7,3,4,111,58,53,59,37,22,105,54,51,52,21,31,24,8,16,2,0,2,33,33,3,6,9,9,1,2,3,30,14,16,2,28,0,2,4
57392328,0,,,164,84,80,21,14,7,143,70,73,90,45,45,135,66,69,53,25,28,24,12,12,1,1,0,43,43,4,5,11,11,5,3,4,39,15,24,6,32,0,3,4
57392329,0,,,30,15,15,0,0,0,30,15,15,17,9,8,28,13,15,13,6,7,9,4,5,0,0,0,9,9,1,2,3,0,2,1,0,8,3,5,0,8,0,0,1
57392334,0,,,1508,734,774,148,68,80,1360,666,694,777,408,369,1301,630,671,583,258,325,270,109,161,1,1,0,557,557,132,178,101,71,34,25,16,423,294,129,35,396,0,84,93
57392335,0,,,165,85,80,19,12,7,146,73,73,96,52,44,138,68,70,50,21,29,19,9,10,0,0,0,57,57,11,16,12,10,4,3,1,46,31,15,5,33,0,6,7
57392337,0,,,329,160,169,49,22,27,280,138,142,181,93,88,262,127,135,99,45,54,44,18,26,1,0,1,106,106,22,28,16,16,12,7,5,84,53,31,9,65,2,6,12
57392338,0,,,50,26,24,4,3,1,46,23,23,31,15,16,43,21,22,15,8,7,10,5,5,0,0,0,12,12,0,2,3,1,3,3,0,12,5,7,2,8,0,0,2
57392339,0,,,140,69,71,24,10,14,116,59,57,74,42,32,109,55,54,42,17,25,26,8,18,0,0,0,36,36,4,8,7,3,6,2,6,32,12,20,7,29,0,2,2
57392344,0,,,14,6,8,0,0,0,14,6,8,5,3,2,14,6,8,9,3,6,5,1,4,0,0,0,6,6,2,1,2,1,0,0,0,4,3,1,0,6,0,2,1
57392345,0,,,50,24,26,0,0,0,50,24,26,42,21,21,50,24,26,8,3,5,1,0,1,0,0,0,1,0,0,0,0,0,0,0,0,0,0,0,0,0,0,0,0
57392346,0,,,217,102,115,9,7,2,207,95,112,122,60,62,200,93,107,85,35,50,50,17,33,2,0,2,82,82,25,20,18,6,6,5,2,57,33,24,2,55,7,5,9
57392347,0,,,108,56,52,11,8,3,96,48,48,64,34,30,88,41,47,32,14,18,17,6,11,0,0,0,33,33,7,6,4,7,6,2,1,26,9,17,1,24,0,3,2
57392348,0,,,371,194,177,46,29,17,325,165,160,202,109,93,313,158,155,123,56,67,79,37,42,0,0,0,79,77,13,13,11,17,13,6,4,64,31,33,10,47,1,6,7
57392349,0,,,37,18,19,3,2,1,34,16,18,21,10,11,34,16,18,13,6,7,10,4,6,0,0,0,10,10,1,3,2,1,1,1,1,9,3,6,2,9,0,1,3
57392354,0,,,25,12,13,4,1,3,21,11,10,9,5,4,21,11,10,12,6,6,4,2,2,0,0,0,12,12,5,4,2,0,0,1,0,6,6,0,2,8,0,4,3
57392355,0,,,275,124,151,24,13,11,251,111,140,138,65,73,246,107,139,113,46,67,63,24,39,4,2,2,152,152,79,41,19,9,3,1,0,72,59,13,11,89,5,45,13
57392356,0,,,320,154,166,40,21,19,279,132,147,175,92,83,271,129,142,104,40,64,67,22,45,0,0,0,109,109,36,20,11,18,13,6,5,72,34,38,18,68,3,17,7
57392357,0,,,1811,891,920,194,92,102,1602,792,810,1125,577,548,1471,707,764,477,215,262,176,74,102,10,3,7,789,788,277,250,135,74,30,17,5,501,425,76,51,338,42,89,98
57392358,0,,,244,129,115,31,18,13,213,111,102,148,81,67,204,107,97,65,30,35,30,12,18,0,0,0,94,94,35,20,11,15,5,6,2,59,44,15,11,42,5,11,7
57392365,0,,,326,151,175,58,30,28,268,121,147,145,73,72,257,114,143,123,48,75,81,25,56,0,0,0,82,81,15,19,14,17,9,2,5,66,47,19,10,38,1,7,7
57392366,0,,,1933,893,1040,223,99,124,1708,793,915,1073,532,541,1622,748,874,635,261,374,329,128,201,6,0,6,721,720,198,202,155,103,39,15,8,517,405,112,58,351,34,73,95
57392367,0,,,3610,1695,1915,386,200,186,3203,1483,1720,1992,1004,988,3030,1380,1650,1211,479,732,675,234,441,12,3,9,1561,1554,575,485,246,140,68,31,9,963,794,169,114,734,83,227,205
57392368,0,,,2186,1044,1142,216,122,94,1966,919,1047,1090,560,530,1892,877,1015,876,359,517,474,172,302,13,6,7,908,908,287,284,155,93,51,30,8,619,465,154,65,593,15,163,156
57392369,0,,,541,278,263,67,32,35,472,244,228,318,174,144,450,231,219,154,70,84,70,30,40,1,0,1,227,227,83,62,31,29,12,7,3,143,108,35,19,104,16,25,24
57392375,0,,,98,46,52,10,7,3,88,39,49,51,27,24,82,37,45,37,12,25,16,5,11,0,0,0,39,39,10,13,6,6,4,0,0,29,22,7,2,28,0,7,7
57392376,0,,,2158,1061,1097,279,160,119,1875,899,976,1196,589,607,1761,845,916,679,310,369,350,135,215,6,1,5,717,715,159,220,156,93,52,25,10,552,442,110,73,363,9,95,91
57392377,0,,,1937,914,1023,244,120,124,1689,792,897,1134,564,570,1604,752,852,555,228,327,261,96,165,2,0,2,814,814,286,226,134,90,42,30,6,522,424,98,77,400,25,129,89
57392378,0,,,2386,1149,1237,228,114,114,2147,1030,1117,1216,635,581,2055,979,1076,931,395,536,527,216,311,0,0,0,906,906,238,281,166,92,80,31,18,664,456,208,59,643,3,159,147
57392379,0,,,2332,1144,1188,330,168,162,1998,972,1026,1345,700,645,1870,905,965,653,272,381,335,125,210,14,9,5,887,887,259,228,149,148,59,32,12,617,464,153,89,445,49,99,102
57392386,0,,,168,77,91,11,7,4,157,70,87,87,45,42,149,65,84,70,25,45,32,8,24,0,0,0,63,63,17,19,13,5,5,2,2,46,26,20,3,50,0,12,10
57392387,0,,,199,98,101,22,12,10,177,86,91,115,64,51,161,76,85,62,22,40,34,11,23,0,0,0,59,59,10,9,15,13,4,3,5,49,22,27,4,45,0,6,3
57392389,0,,,439,210,229,66,32,34,373,178,195,248,126,122,349,166,183,125,52,73,72,26,46,0,0,0,146,145,31,33,29,33,11,6,2,114,75,39,16,73,3,13,10
57392395,0,,,40,19,21,2,2,0,38,17,21,20,9,11,37,16,21,18,8,10,11,3,8,0,0,0,15,15,3,4,6,0,1,1,0,12,7,5,0,13,0,3,1
57392396,0,,,41,24,17,1,1,0,40,23,17,23,16,7,39,22,17,17,7,10,7,2,5,0,0,0,20,20,7,7,4,2,0,0,0,12,11,1,1,14,0,4,2
57392399,0,,,162,74,88,18,7,11,144,67,77,100,46,54,135,63,72,44,21,23,25,10,15,1,0,1,53,53,11,12,10,12,3,3,2,42,26,16,1,30,0,5,5
57392401,2,57392411,,6,3,3,*,*,*,*,*,*,*,*,*,*,*,*,*,*,*,*,*,*,*,*,*,1,1,*,*,*,*,*,*,*,*,*,*,*,*,*,*,*
57392410,0,,,42,14,28,6,2,4,36,12,24,22,7,15,35,12,23,14,5,9,9,3,6,0,0,0,12,12,5,1,1,0,3,0,2,7,2,5,2,10,0,4,0
57392411,1,,57392401,68,30,38,11,4,7,63,29,34,36,18,18,60,29,31,27,11,16,17,6,11,0,0,0,19,19,3,2,4,5,1,5,0,17,4,13,4,17,0,3,0
57392412,0,,,53,27,26,5,4,1,48,23,25,29,13,16,41,20,21,19,10,9,10,4,6,0,0,0,12,12,2,0,2,2,1,3,2,10,2,8,2,10,0,2,0
57392418,2,57392434,,8,5,3,*,*,*,*,*,*,*,*,*,*,*,*,*,*,*,*,*,*,*,*,*,5,5,*,*,*,*,*,*,*,*,*,*,*,*,*,*,*
57392420,0,,,46,21,25,2,0,2,44,21,23,24,12,12,43,21,22,20,9,11,15,5,10,0,0,0,15,15,1,4,6,2,1,1,0,14,9,5,1,13,0,1,0
57392432,0,,,87,42,45,10,6,4,77,36,41,44,24,20,75,34,41,33,12,21,20,5,15,0,0,0,24,24,2,10,2,2,3,1,4,22,12,10,2,21,0,1,3
57392433,0,,,49,23,26,3,1,2,46,22,24,26,15,11,45,21,24,20,7,13,13,6,7,0,0,0,17,17,3,7,2,2,1,1,1,14,7,7,1,14,0,2,3
57392434,1,,57392418,144,74,70,12,7,5,140,72,68,84,46,38,134,70,64,56,26,30,31,14,17,1,0,1,42,42,7,13,11,4,5,4,3,40,24,16,2,36,0,4,3
57392441,0,,,55,27,28,6,3,3,49,24,25,34,19,15,45,21,24,15,5,10,11,3,8,0,0,0,14,14,2,1,4,2,2,0,3,12,5,7,1,9,0,2,0
57392442,0,,,112,52,60,16,9,7,96,43,53,61,29,32,88,40,48,35,14,21,19,6,13,0,0,0,30,30,2,7,9,2,2,5,3,28,15,13,4,23,0,2,1
57392444,0,,,107,56,51,11,6,5,96,50,46,54,31,23,89,44,45,42,19,23,19,8,11,0,0,0,30,30,4,7,8,3,1,2,5,26,15,11,0,27,0,3,4
57392451,0,,,154,76,78,10,7,3,144,69,75,83,44,39,139,66,73,61,25,36,28,7,21,0,0,0,46,46,4,12,11,8,7,2,2,42,24,18,3,37,0,3,6
57392460,0,,,471,243,228,63,37,26,408,206,202,272,147,125,378,190,188,136,59,77,69,26,43,1,0,1,146,146,37,19,35,20,12,12,11,109,55,54,16,87,2,13,10
57392461,0,,,178,84,94,20,8,12,156,76,80,99,50,49,154,75,79,57,26,31,34,14,20,0,0,0,61,61,13,17,14,6,7,1,3,47,28,19,6,37,2,2,8
57392462,0,,,26,11,15,2,2,0,24,9,15,16,6,10,23,9,14,8,3,5,7,2,5,0,0,0,9,9,3,2,0,2,1,1,0,6,2,4,1,5,0,1,1
57392464,0,,,61,34,27,7,4,3,54,30,24,29,17,12,52,29,23,25,13,12,15,8,7,0,0,0,13,13,0,1,2,5,0,3,2,13,3,10,1,12,0,0,1
57392470,0,,,209,109,100,38,24,14,166,83,83,134,68,66,153,74,79,32,15,17,15,7,8,6,0,6,70,70,18,13,8,20,8,0,3,51,37,14,10,22,5,2,3
57392471,1,,57392481,27,13,14,2,2,0,26,12,14,15,7,8,24,11,13,11,5,6,7,4,3,0,0,0,9,9,1,4,3,1,0,1,0,9,6,3,1,6,0,0,1
57392472,0,,,85,37,48,9,3,6,76,34,42,48,24,24,74,33,41,28,10,18,21,6,15,0,0,0,26,26,4,8,5,4,2,0,3,22,12,10,4,17,0,2,4
57392475,0,,,118,60,58,17,10,7,101,50,51,56,30,26,101,50,51,45,20,25,23,7,16,0,0,0,36,36,5,12,8,2,3,1,5,31,19,12,5,28,0,2,5
57392477,0,,,23,10,13,1,0,1,22,10,12,13,7,6,17,7,10,9,3,6,5,1,4,0,0,0,6,6,0,3,0,0,2,0,1,6,4,2,0,5,0,0,0
57392480,0,,,139,72,67,8,3,5,130,69,61,88,48,40,122,65,57,42,21,21,25,14,11,1,1,0,56,56,21,12,12,3,3,4,1,35,22,13,4,28,4,6,4
57392481,2,57392471,,1,1,0,*,*,*,*,*,*,*,*,*,*,*,*,*,*,*,*,*,*,*,*,*,1,1,*,*,*,*,*,*,*,*,*,*,*,*,*,*,*
57392484,0,,,156,71,85,29,13,16,127,58,69,81,39,42,120,55,65,46,19,27,30,11,19,1,0,1,38,38,4,8,7,4,4,4,7,34,12,22,8,31,0,1,5
57392487,0,,,76,35,41,6,4,2,70,31,39,41,19,22,66,30,36,29,12,17,18,7,11,0,0,0,20,20,5,4,1,1,3,2,4,15,4,11,3,17,1,3,3
57392490,0,,,639,307,332,77,40,37,562,267,295,369,186,183,516,240,276,193,81,112,95,33,62,9,0,9,206,206,38,62,31,33,15,17,10,165,104,61,16,131,1,25,22
57392491,0,,,148,74,74,18,12,6,130,62,68,81,40,41,127,60,67,49,22,27,31,12,19,0,0,0,41,41,7,8,5,8,2,9,2,33,16,17,3,36,0,6,4
57392492,0,,,198,107,91,15,7,8,183,100,83,111,66,45,175,96,79,72,34,38,31,11,20,2,0,2,72,72,16,25,13,7,5,3,3,56,40,16,5,53,0,10,10
57392493,0,,,55,30,25,6,4,2,49,26,23,29,18,11,48,25,23,20,8,12,9,3,6,0,0,0,20,20,3,9,3,2,1,2,0,16,12,4,0,15,0,2,3
57392497,0,,,48,27,21,3,3,0,45,24,21,30,18,12,42,23,19,15,6,9,7,3,4,0,0,0,15,15,4,4,1,2,1,1,2,11,5,6,0,10,0,2,1
57392498,0,,,87,39,48,7,1,6,80,38,42,48,25,23,77,38,39,32,13,19,23,9,14,2,0,2,28,28,4,10,5,3,3,1,2,24,13,11,1,21,0,2,5
57392499,0,,,91,46,45,10,6,4,81,40,41,51,27,24,79,39,40,30,13,17,17,6,11,0,0,0,30,30,8,6,4,7,1,2,2,22,12,10,3,20,0,5,2
57392509,1,,57392528,19,9,10,2,1,1,19,9,10,8,3,5,19,9,10,11,6,5,7,3,4,0,0,0,7,7,2,3,1,1,0,1,0,6,3,3,1,7,0,1,2
57392528,2,57392509,,2,1,1,*,*,*,*,*,*,*,*,*,*,*,*,*,*,*,*,*,*,*,*,*,1,1,*,*,*,*,*,*,*,*,*,*,*,*,*,*,*
57392580,1,,57392590,14,7,7,3,1,2,12,6,6,10,6,4,11,5,6,2,0,2,1,0,1,1,0,1,5,5,4,0,0,0,1,1,0,2,0,2,1,2,0,1,0
57392590,2,57392580,,1,0,1,*,*,*,*,*,*,*,*,*,*,*,*,*,*,*,*,*,*,*,*,*,1,1,*,*,*,*,*,*,*,*,*,*,*,*,*,*,*
57392613,0,,,19,10,9,4,2,2,15,8,7,9,7,2,14,7,7,6,1,5,2,0,2,0,0,0,6,6,2,2,0,1,0,0,1,4,2,2,1,5,0,1,1
57392624,0,,,16,11,5,2,2,0,14,9,5,8,5,3,14,9,5,6,4,2,1,1,0,0,0,0,7,7,3,1,1,2,0,0,0,4,4,0,1,5,0,3,0
57393305,2,57393315,,3,2,1,*,*,*,*,*,*,*,*,*,*,*,*,*,*,*,*,*,*,*,*,*,1,1,*,*,*,*,*,*,*,*,*,*,*,*,*,*,*
57393309,0,,,211,103,108,35,21,14,176,82,94,110,53,57,169,78,91,66,29,37,39,17,22,0,0,0,59,59,11,14,7,9,4,7,7,48,21,27,7,41,0,5,9
57393315,1,,57393305,103,49,54,9,7,2,97,44,53,38,20,18,96,43,53,59,24,35,36,13,23,0,0,0,45,45,17,14,8,2,2,2,1,29,23,6,3,43,0,17,7
57393319,0,,,37,22,15,1,1,0,36,21,15,22,13,9,33,19,14,14,8,6,5,3,2,0,0,0,13,13,2,5,3,1,1,0,1,11,8,3,0,8,0,2,2
57393325,0,,,124,53,71,4,1,3,120,52,68,61,29,32,115,49,66,59,23,36,33,11,22,0,0,0,44,44,7,13,13,7,1,2,1,37,22,15,1,37,0,5,7
57393326,0,,,15,5,10,2,1,1,13,4,9,8,3,5,12,4,8,5,1,4,1,0,1,0,0,0,5,5,2,1,0,1,0,0,1,3,2,1,0,4,0,2,0
57393335,0,,,29,14,15,1,1,0,28,13,15,12,5,7,27,13,14,16,8,8,10,5,5,0,0,0,12,12,3,6,0,1,2,0,0,9,6,3,0,11,0,3,4
57393336,0,,,83,40,43,4,1,3,79,39,40,42,21,21,73,35,38,37,18,19,18,9,9,0,0,0,32,32,7,10,8,4,2,1,0,25,20,5,0,23,0,5,8
57393355,0,,,190,95,95,15,7,8,175,88,87,78,42,36,170,85,85,97,46,51,49,25,24,0,0,0,73,73,16,25,16,7,6,3,0,56,42,14,2,60,0,12,16
57393366,0,,,69,31,38,1,0,1,68,31,37,30,13,17,66,31,35,38,18,20,24,13,11,0,0,0,32,32,8,15,5,4,0,0,0,24,19,5,0,24,0,7,10
57393375,1,,57393385,78,34,44,2,0,2,85,37,48,40,20,20,80,34,46,45,17,28,25,8,17,0,0,0,32,32,10,11,7,6,2,0,0,26,15,11,1,28,0,6,4
57393376,0,,,128,50,78,6,3,3,122,47,75,47,24,23,119,47,72,75,23,52,48,15,33,0,0,0,54,53,17,22,8,3,3,0,0,36,29,7,0,40,1,12,12
57393385,2,57393375,,9,3,6,*,*,*,*,*,*,*,*,*,*,*,*,*,*,*,*,*,*,*,*,*,4,4,*,*,*,*,*,*,*,*,*,*,*,*,*,*,*
57393386,0,,,73,34,39,4,4,0,69,30,39,18,8,10,68,29,39,51,22,29,31,14,17,0,0,0,35,35,14,13,4,2,0,1,1,21,16,5,1,33,0,13,10
57393396,0,,,81,32,49,1,1,0,80,31,49,28,13,15,77,29,48,52,18,34,32,9,23,0,0,0,42,42,16,19,4,1,1,1,0,26,20,6,0,37,0,13,12
57393400,0,,,25,11,14,4,3,1,21,8,13,14,5,9,20,8,12,7,3,4,0,0,0,0,0,0,9,9,1,3,2,3,0,0,0,8,7,1,0,4,0,1,2
57393401,0,,,175,87,88,17,10,7,158,77,81,105,54,51,143,71,72,53,23,30,31,12,19,0,0,0,46,46,5,10,7,10,4,5,5,41,21,20,5,34,0,4,3
57393402,0,,,447,218,229,45,25,20,402,193,209,235,119,116,372,177,195,167,74,93,81,29,52,0,0,0,123,123,14,31,22,18,14,12,12,108,48,60,11,102,1,9,16
57393403,0,,,144,66,78,14,6,8,130,60,70,84,41,43,122,53,69,46,19,27,25,8,17,0,0,0,40,40,6,7,7,8,3,7,2,34,10,24,5,32,0,5,3
57393404,0,,,55,26,29,2,1,1,53,25,28,32,16,16,52,25,27,21,9,12,13,5,8,0,0,0,18,18,3,5,4,1,4,1,0,15,7,8,0,15,0,3,1
57393406,2,57393407,,3,0,3,*,*,*,*,*,*,*,*,*,*,*,*,*,*,*,*,*,*,*,*,*,3,3,*,*,*,*,*,*,*,*,*,*,*,*,*,*,*
57393407,1,,57393406,53,22,31,3,1,2,53,21,32,38,15,23,49,20,29,15,6,9,11,3,8,6,0,6,16,16,7,4,1,3,0,2,2,11,4,7,2,13,6,1,1
57393410,0,,,23,13,10,4,3,1,19,10,9,14,9,5,18,9,9,5,1,4,4,0,4,0,0,0,9,9,4,3,0,1,0,0,1,5,3,2,1,5,0,3,0
57393412,0,,,438,193,245,47,26,21,391,167,224,179,87,92,376,159,217,212,80,132,148,45,103,1,0,1,107,104,13,31,20,12,14,3,11,90,49,41,13,86,0,12,13
57393413,0,,,35,18,17,3,3,0,32,15,17,19,9,10,29,14,15,13,6,7,4,1,3,0,0,0,8,8,1,1,1,1,1,2,1,7,2,5,0,7,0,1,0
57393414,0,,,91,40,51,10,4,6,81,36,45,50,27,23,78,34,44,31,9,22,19,4,15,0,0,0,22,22,2,1,6,5,2,5,1,20,4,16,1,19,0,1,0
57393415,0,,,431,207,224,48,29,19,383,178,205,192,101,91,368,171,197,191,77,114,105,41,64,0,0,0,139,139,26,37,27,19,17,5,8,112,56,56,8,119,1,22,16
57393416,0,,,50,25,25,7,4,3,43,21,22,23,12,11,39,18,21,20,9,11,7,3,4,1,0,1,12,12,1,2,4,1,1,1,2,11,5,6,1,9,1,0,1
57393420,0,,,213,95,118,17,6,11,196,89,107,116,56,60,191,87,104,80,33,47,42,10,32,0,0,0,66,66,12,17,11,11,6,5,4,54,27,27,4,54,0,9,8
57393421,0,,,16,5,11,0,0,0,16,5,11,9,3,6,16,5,11,7,2,5,4,1,3,0,0,0,6,6,1,2,2,0,1,0,0,5,4,1,0,6,0,1,1
57393422,0,,,144,74,70,16,9,7,128,65,63,87,48,39,119,60,59,41,17,24,22,5,17,0,0,0,45,45,7,9,11,9,5,3,1,38,17,21,3,30,0,3,4
57393423,0,,,154,80,74,20,11,9,134,69,65,76,44,32,132,67,65,58,25,33,29,12,17,1,0,1,50,50,7,11,14,14,3,0,1,43,26,17,4,36,0,3,8
57393424,0,,,10,5,5,0,0,0,10,5,5,3,2,1,10,5,5,7,3,4,3,0,3,0,0,0,4,4,1,1,1,1,0,0,0,3,0,3,0,4,0,1,0
57393425,0,,,71,31,40,9,5,4,62,26,36,37,17,20,61,25,36,25,9,16,16,6,10,0,0,0,26,26,6,6,6,5,3,0,0,20,10,10,0,17,0,5,2
57393430,0,,,14,7,7,1,1,0,13,6,7,8,4,4,12,6,6,5,2,3,4,2,2,0,0,0,6,6,1,3,1,1,0,0,0,5,4,1,1,3,0,0,2
57393431,0,,,425,201,224,52,27,25,373,174,199,218,116,102,357,165,192,155,58,97,108,39,69,0,0,0,133,133,21,44,20,16,17,8,7,110,59,51,17,106,0,15,22
57393432,0,,,50,27,23,1,1,0,49,26,23,20,12,8,49,26,23,29,14,15,17,7,10,0,0,0,19,19,4,4,8,2,0,1,0,15,8,7,1,18,0,4,3
57393433,0,,,247,125,122,20,14,6,227,111,116,137,73,64,212,105,107,90,38,52,56,22,34,7,6,1,78,77,14,22,16,8,6,8,3,62,41,21,5,55,5,5,9
57393434,0,,,118,58,60,9,5,4,109,53,56,68,37,31,106,51,55,41,16,25,28,7,21,1,0,1,37,37,6,11,8,3,3,5,1,31,14,17,3,31,0,6,2
57393435,0,,,24,15,9,2,2,0,22,13,9,13,9,4,22,13,9,9,4,5,8,3,5,0,0,0,9,9,2,3,1,2,1,0,0,7,3,4,1,7,0,1,0
57393441,0,,,203,102,101,17,6,11,186,96,90,109,62,47,175,90,85,77,34,43,36,13,23,0,0,0,65,65,12,14,12,15,7,4,1,53,26,27,1,49,0,7,10
57393442,0,,,217,53,164,0,0,0,217,53,164,16,9,7,216,53,163,201,44,157,187,36,151,0,0,0,12,8,4,3,0,1,0,0,0,4,2,2,0,1,2,0,0
57393443,0,,,69,35,34,6,2,4,63,33,30,34,20,14,59,30,29,29,13,16,16,8,8,0,0,0,19,19,1,7,2,4,1,2,2,18,8,10,1,15,0,0,3
57393444,0,,,166,81,85,17,10,7,149,71,78,94,47,47,144,67,77,55,24,31,34,13,21,0,0,0,44,44,4,8,11,7,6,3,5,40,15,25,7,37,0,2,2
57393452,0,,,242,111,131,24,8,16,218,103,115,137,70,67,211,99,112,81,33,48,39,13,26,0,0,0,72,72,7,16,20,12,11,3,3,65,32,33,4,57,0,4,7
57393453,0,,,55,24,31,5,2,3,50,22,28,27,13,14,48,21,27,23,9,14,14,6,8,0,0,0,14,14,0,2,4,5,0,2,1,14,4,10,3,11,0,0,0
57393457,2,57393458,,6,3,3,*,*,*,*,*,*,*,*,*,*,*,*,*,*,*,*,*,*,*,*,*,2,2,*,*,*,*,*,*,*,*,*,*,*,*,*,*,*
57393458,1,,57393457,69,34,35,5,3,2,70,34,36,38,19,19,69,33,36,32,15,17,14,4,10,0,0,0,21,21,1,9,6,3,1,1,2,22,13,9,1,20,0,1,7
57393462,0,,,13,8,5,1,1,0,12,7,5,9,5,4,12,7,5,3,2,1,2,1,1,0,0,0,4,4,1,0,1,1,1,0,0,3,1,2,0,2,0,0,0
57393463,0,,,326,157,169,29,14,15,297,143,154,169,88,81,281,135,146,128,55,73,61,18,43,0,0,0,101,101,16,27,20,19,7,4,8,85,47,38,9,84,0,13,15
57393464,0,,,323,154,169,44,16,28,279,138,141,168,90,78,268,132,136,111,48,63,62,22,40,0,0,0,87,87,17,13,13,14,10,12,8,70,26,44,11,68,0,10,9
57393473,0,,,394,204,190,48,31,17,346,173,173,212,115,97,326,161,165,134,58,76,68,23,45,3,0,3,119,119,19,36,14,13,19,13,5,100,53,47,12,84,0,9,20
57393474,0,,,20,9,11,2,1,1,18,8,10,9,4,5,17,8,9,9,4,5,4,1,3,0,0,0,7,7,3,1,0,1,1,1,0,4,1,3,0,6,0,2,0
57393483,0,,,26,14,12,5,2,3,21,12,9,15,9,6,21,12,9,6,3,3,3,1,2,0,0,0,6,6,0,0,3,1,0,1,1,6,4,2,2,4,0,0,0
57393484,0,,,203,106,97,12,6,6,191,100,91,113,68,45,181,92,89,78,32,46,48,18,30,1,0,1,55,55,4,13,13,9,7,4,5,51,26,25,5,46,1,1,9
57393486,0,,,58,30,28,3,3,0,55,27,28,30,17,13,53,26,27,25,10,15,14,3,11,1,0,1,21,21,4,6,6,2,2,1,0,17,9,8,0,17,0,3,2
57393494,0,,,347,166,181,39,24,15,308,142,166,182,94,88,294,136,158,126,48,78,67,20,47,0,0,0,114,114,17,42,24,13,6,5,7,97,58,39,9,86,0,14,11
57393495,0,,,97,46,51,3,1,2,94,45,49,49,26,23,87,40,47,45,19,26,27,10,17,0,0,0,34,34,9,9,6,3,4,1,2,25,15,10,2,32,0,9,3
57393498,0,,,543,265,278,45,20,25,498,245,253,284,146,138,479,236,243,214,99,115,137,55,82,2,0,2,161,161,22,46,32,19,14,17,11,139,65,74,12,133,0,14,22
57393789,2,57394728,,4,2,2,*,*,*,*,*,*,*,*,*,*,*,*,*,*,*,*,*,*,*,*,*,2,2,*,*,*,*,*,*,*,*,*,*,*,*,*,*,*
57394316,0,,,83,38,45,3,1,2,80,37,43,30,16,14,78,35,43,50,21,29,27,11,16,0,0,0,36,36,9,19,3,1,2,1,1,27,21,6,1,33,0,7,10
57394336,0,,,57,26,31,7,2,5,50,24,26,28,16,12,48,23,25,22,8,14,11,2,9,0,0,0,24,24,13,2,4,1,1,2,1,11,6,5,2,15,1,7,1
57394346,0,,,194,90,104,12,6,6,182,84,98,86,44,42,175,81,94,96,40,56,47,16,31,0,0,0,79,79,21,27,16,6,7,2,0,58,38,20,3,62,0,13,17
57394356,0,,,45,21,24,8,5,3,37,16,21,16,9,7,36,15,21,21,7,14,10,2,8,0,0,0,19,19,6,8,2,0,1,2,0,13,11,2,1,15,0,4,5
57394366,0,,,54,27,27,6,4,2,48,23,25,27,13,14,45,21,24,21,10,11,11,4,7,0,0,0,21,21,7,7,2,2,0,2,1,14,11,3,0,15,0,4,5
57394376,0,,,32,15,17,1,1,0,31,14,17,17,9,8,30,14,16,14,5,9,11,4,7,0,0,0,11,11,1,4,3,1,2,0,0,10,4,6,0,9,0,0,2
57394377,0,,,11,6,5,0,0,0,11,6,5,5,3,2,11,6,5,6,3,3,3,1,2,0,0,0,4,4,1,0,2,1,0,0,0,3,1,2,0,3,0,0,0
57394397,0,,,92,42,50,7,3,4,85,39,46,49,22,27,83,38,45,36,17,19,22,8,14,0,0,0,35,35,9,14,4,3,1,2,2,25,17,8,3,27,0,5,8
57394404,0,,,192,91,101,22,11,11,170,80,90,90,45,45,159,78,81,80,35,45,47,18,29,0,0,0,59,59,9,19,11,9,1,5,5,50,29,21,5,50,0,7,10
57394405,2,57394406,,7,5,2,*,*,*,*,*,*,*,*,*,*,*,*,*,*,*,*,*,*,*,*,*,3,3,*,*,*,*,*,*,*,*,*,*,*,*,*,*,*
57394406,1,,57394405,43,22,21,3,1,2,47,26,21,22,13,9,47,26,21,25,13,12,13,7,6,0,0,0,13,13,1,5,5,3,1,0,1,15,8,7,0,15,0,1,1
57394408,0,,,13,4,9,3,0,3,10,4,6,5,2,3,10,4,6,5,2,3,2,0,2,0,0,0,4,4,2,0,1,0,0,0,1,2,1,1,1,3,1,1,0
57394413,0,,,14,7,7,1,0,1,13,7,6,9,5,4,13,7,6,4,2,2,1,1,0,0,0,0,5,5,2,0,1,1,1,0,0,3,2,1,0,3,0,2,0
57394414,0,,,326,156,170,27,12,15,299,144,155,178,95,83,272,132,140,121,49,72,71,28,43,2,0,2,98,98,23,18,18,9,10,14,6,75,30,45,2,80,0,15,5
57394415,2,57394416,,5,3,2,*,*,*,*,*,*,*,*,*,*,*,*,*,*,*,*,*,*,*,*,*,1,1,*,*,*,*,*,*,*,*,*,*,*,*,*,*,*
57394416,1,,57394415,23,9,14,3,2,1,25,10,15,10,5,5,23,9,14,15,5,10,7,2,5,0,0,0,8,8,0,5,1,1,1,1,0,9,5,4,0,9,0,0,4
57394424,1,,57394434,12,6,6,1,0,1,16,9,7,9,4,5,16,9,7,7,5,2,2,1,1,0,0,0,4,4,2,2,0,1,0,0,1,4,2,2,1,6,0,2,1
57394434,2,57394424,,5,3,2,*,*,*,*,*,*,*,*,*,*,*,*,*,*,*,*,*,*,*,*,*,2,2,*,*,*,*,*,*,*,*,*,*,*,*,*,*,*
57394464,0,,,133,63,70,3,1,2,130,62,68,63,32,31,124,60,64,67,30,37,40,17,23,0,0,0,48,48,6,17,16,4,2,2,1,41,28,13,0,41,0,4,8
57394474,0,,,26,14,12,1,1,0,25,13,12,13,7,6,23,13,10,12,6,6,4,2,2,0,0,0,9,9,1,3,3,1,0,1,0,8,5,3,0,7,0,0,2
57394496,0,,,56,28,28,3,3,0,53,25,28,29,16,13,47,21,26,24,9,15,17,4,13,2,1,1,19,19,7,3,1,3,3,1,1,12,4,8,0,18,0,7,1
57394728,1,,57393789,19,11,8,1,1,0,22,12,10,10,7,3,22,12,10,12,5,7,9,5,4,0,0,0,7,7,1,4,2,2,0,0,0,8,5,3,0,7,0,0,3
57394738,0,,,32,15,17,0,0,0,32,15,17,9,3,6,32,15,17,23,12,11,16,7,9,0,0,0,17,17,3,13,1,0,0,0,0,14,13,1,0,16,0,3,11
57394739,2,57394749,,7,3,4,*,*,*,*,*,*,*,*,*,*,*,*,*,*,*,*,*,*,*,*,*,4,4,*,*,*,*,*,*,*,*,*,*,*,*,*,*,*
57394749,1,,57394739,33,16,17,4,2,2,36,17,19,17,10,7,36,17,19,19,7,12,16,6,10,1,0,1,11,11,2,5,6,1,0,1,0,13,8,5,1,13,0,2,4
57394759,0,,,15,6,9,4,1,3,11,5,6,8,5,3,11,5,6,3,0,3,3,0,3,0,0,0,5,5,2,0,1,0,2,0,0,3,2,1,2,2,0,1,0
57394769,0,,,51,22,29,2,1,1,49,21,28,20,9,11,47,20,27,29,12,17,21,7,14,1,0,1,24,24,7,10,5,1,1,0,0,17,11,6,0,19,0,4,9
57394779,0,,,46,25,21,0,0,0,46,25,21,17,11,6,46,25,21,29,14,15,21,9,12,0,0,0,21,21,7,8,2,3,1,0,0,14,11,3,0,16,0,4,7
57394789,1,,57394799,9,4,5,0,0,0,11,5,6,2,0,2,11,5,6,9,5,4,7,4,3,0,0,0,6,6,5,3,0,0,0,0,0,3,3,0,0,6,0,3,3
57394799,2,57394789,,2,1,1,*,*,*,*,*,*,*,*,*,*,*,*,*,*,*,*,*,*,*,*,*,2,2,*,*,*,*,*,*,*,*,*,*,*,*,*,*,*
57395137,1,,57395138,84,35,49,8,3,5,78,33,45,37,17,20,77,32,45,41,16,25,25,7,18,1,0,1,35,35,15,9,7,2,1,2,1,22,12,10,3,29,5,8,5
57395138,2,57395137,,2,1,1,*,*,*,*,*,*,*,*,*,*,*,*,*,*,*,*,*,*,*,*,*,2,2,*,*,*,*,*,*,*,*,*,*,*,*,*,*,*
57395250,1,,57395260,279,143,136,25,14,11,259,134,125,150,90,60,248,130,118,109,44,65,74,26,48,0,0,0,131,127,56,32,21,14,2,3,0,71,47,24,3,74,14,18,12
57395260,2,57395250,,5,5,0,*,*,*,*,*,*,*,*,*,*,*,*,*,*,*,*,*,*,*,*,*,5,1,*,*,*,*,*,*,*,*,*,*,*,*,*,*,*
57395318,0,,,35,17,18,3,2,1,32,15,17,11,4,7,31,15,16,21,11,10,12,8,4,0,0,0,12,12,3,4,2,1,1,0,1,9,5,4,1,11,0,2,4
57395328,0,,,122,50,72,8,4,4,114,46,68,56,22,34,110,46,64,58,24,34,33,11,22,0,0,0,47,47,10,21,6,5,1,1,3,37,23,14,3,40,0,7,11
57395338,0,,,19,12,7,1,1,0,18,11,7,7,5,2,18,11,7,11,6,5,5,3,2,0,0,0,8,8,2,3,2,0,1,0,0,6,5,1,1,7,0,2,2
57395339,0,,,31,15,16,4,2,2,27,13,14,16,9,7,25,11,14,11,4,7,7,2,5,0,0,0,13,13,5,4,1,1,1,1,0,8,5,3,1,9,0,4,2
57395349,0,,,224,107,117,11,5,6,213,102,111,93,51,42,209,99,110,120,51,69,75,30,45,0,0,0,95,95,27,29,25,10,2,1,1,67,49,18,4,79,0,21,20
57395359,0,,,35,18,17,3,1,2,32,17,15,19,11,8,29,16,13,13,6,7,3,1,2,0,0,0,10,10,1,3,1,3,0,1,1,9,6,3,0,9,0,1,2
57395416,0,,,113,55,58,9,7,2,104,48,56,39,22,17,102,47,55,65,26,39,38,16,22,1,0,1,45,45,14,14,8,3,4,0,2,31,18,13,2,40,0,9,9
57395417,0,,,245,111,134,22,10,12,223,101,122,110,61,49,215,97,118,113,40,73,65,21,44,1,0,1,91,91,28,25,15,8,5,7,3,63,34,29,7,79,0,25,14
57395422,1,,57395430;57395432,129,61,68,10,3,7,124,61,63,63,36,27,121,60,61,61,25,36,28,11,17,0,0,0,43,43,10,11,12,3,6,4,0,36,19,17,2,38,0,7,6
57395427,0,,,226,100,126,18,10,8,208,90,118,87,44,43,201,88,113,121,46,75,74,25,49,0,0,0,84,84,21,27,16,11,3,1,5,63,33,30,5,77,0,18,19
57395430,2,57395422,,2,1,1,*,*,*,*,*,*,*,*,*,*,*,*,*,*,*,*,*,*,*,*,*,2,2,*,*,*,*,*,*,*,*,*,*,*,*,*,*,*
57395432,2,57395422,,3,2,1,*,*,*,*,*,*,*,*,*,*,*,*,*,*,*,*,*,*,*,*,*,1,1,*,*,*,*,*,*,*,*,*,*,*,*,*,*,*
57395437,0,,,65,33,32,5,3,2,60,30,30,36,19,17,57,29,28,24,11,13,16,6,10,0,0,0,23,23,5,5,8,2,1,1,1,17,10,7,2,17,0,5,2
57395445,1,,57395446,35,14,21,1,0,1,36,15,21,17,8,9,36,15,21,19,7,12,9,2,7,0,0,0,14,14,3,5,5,1,1,0,0,12,7,5,0,12,0,1,3
57395446,2,57395445,,2,1,1,*,*,*,*,*,*,*,*,*,*,*,*,*,*,*,*,*,*,*,*,*,1,1,*,*,*,*,*,*,*,*,*,*,*,*,*,*,*
57395447,0,,,10,5,5,0,0,0,10,5,5,4,3,1,10,5,5,6,2,4,3,1,2,0,0,0,7,7,5,1,1,0,0,0,0,2,2,0,0,4,0,2,1
57395448,0,,,35,13,22,2,0,2,33,13,20,11,6,5,32,12,20,22,7,15,14,4,10,0,0,0,14,14,3,7,2,1,0,0,1,11,7,4,0,13,0,2,5
57395454,2,57395464,,10,4,6,*,*,*,*,*,*,*,*,*,*,*,*,*,*,*,*,*,*,*,*,*,3,3,*,*,*,*,*,*,*,*,*,*,*,*,*,*,*
57395455,0,,,13,7,6,0,0,0,13,7,6,6,5,1,13,7,6,7,2,5,6,2,4,0,0,0,5,5,1,2,0,2,0,0,0,4,2,2,0,5,0,1,0
57395463,0,,,43,22,21,3,2,1,40,20,20,17,7,10,38,18,20,23,13,10,8,4,4,1,0,1,19,19,5,7,4,3,0,0,0,14,10,4,0,14,0,4,4
57395464,1,,57395454,106,51,55,9,6,3,107,49,58,55,27,28,107,49,58,52,22,30,33,11,22,0,0,0,35,35,4,11,11,6,4,1,1,34,16,18,1,32,0,3,8
57395470,0,,,89,42,47,12,6,6,77,36,41,48,26,22,73,34,39,29,10,19,13,6,7,0,0,0,29,29,3,11,8,1,1,4,1,26,18,8,3,19,0,2,6
57395472,0,,,60,33,27,9,6,3,51,27,24,25,16,9,46,23,23,26,11,15,10,5,5,0,0,0,21,21,5,8,2,2,1,1,2,16,11,5,2,17,0,4,7
57395473,0,,,72,36,36,2,1,1,70,35,35,40,20,20,62,31,31,30,15,15,21,9,12,0,0,0,25,25,6,6,5,3,3,2,0,19,11,8,0,19,0,5,3
57395475,0,,,23,11,12,2,1,1,21,10,11,9,5,4,21,10,11,12,5,7,8,4,4,0,0,0,9,9,1,4,2,2,0,0,0,8,5,3,0,8,0,1,2
57395476,0,,,72,37,35,12,9,3,60,28,32,30,17,13,60,28,32,30,11,19,18,5,13,1,1,0,27,27,9,10,3,0,1,1,3,18,10,8,5,20,0,6,4
57395478,0,,,169,78,91,15,8,7,154,70,84,83,38,45,149,68,81,71,32,39,39,15,24,0,0,0,56,56,12,14,12,7,5,3,3,44,23,21,4,46,0,11,10
57395480,0,,,46,22,24,5,1,4,41,21,20,24,15,9,41,21,20,17,6,11,10,4,6,0,0,0,14,14,2,4,3,3,0,1,1,12,5,7,1,12,0,1,1
57395481,0,,,758,309,449,50,26,24,708,283,425,301,145,156,688,275,413,407,138,269,295,86,209,7,2,5,212,209,59,58,34,24,18,5,11,148,89,59,12,150,9,29,28
57395482,0,,,92,48,44,12,7,5,80,41,39,41,24,17,80,41,39,39,17,22,20,6,14,2,0,2,36,36,7,11,13,2,2,1,0,29,20,9,0,28,0,7,4
57395485,0,,,38,18,20,2,1,1,36,17,19,19,13,6,35,16,19,17,4,13,9,2,7,0,0,0,16,16,4,6,4,1,0,1,0,12,7,5,0,13,0,2,2
57395487,0,,,85,37,48,13,8,5,72,29,43,39,17,22,70,29,41,33,12,21,22,7,15,0,0,0,22,22,2,5,3,4,3,3,2,19,6,13,0,20,0,2,3
57395491,0,,,168,58,110,4,1,3,164,57,107,64,34,30,159,54,105,100,23,77,74,15,59,3,0,3,47,46,12,15,11,3,3,1,1,34,22,12,1,35,3,7,6
57395543,1,,57395553,44,24,20,0,0,0,46,25,21,21,13,8,44,24,20,25,12,13,15,9,6,0,0,0,17,17,3,7,5,1,2,0,0,14,11,3,0,15,0,1,6
57395553,2,57395543,,2,1,1,*,*,*,*,*,*,*,*,*,*,*,*,*,*,*,*,*,*,*,*,*,1,1,*,*,*,*,*,*,*,*,*,*,*,*,*,*,*
57395591,0,,,34,16,18,0,0,0,34,16,18,11,7,4,34,16,18,23,9,14,21,8,13,0,0,0,18,18,6,9,2,1,0,0,0,12,10,2,0,15,0,4,4
57395593,0,,,34,15,19,0,0,0,34,15,19,16,8,8,33,15,18,18,7,11,12,4,8,0,0,0,13,13,3,4,3,1,2,0,0,10,5,5,0,11,0,2,3
57395594,0,,,38,16,22,5,2,3,33,14,19,20,10,10,30,13,17,13,4,9,9,3,6,1,0,1,10,10,2,2,1,0,3,0,2,8,3,5,0,9,0,2,1
57395650,0,,,21,10,11,3,3,0,18,7,11,6,3,3,18,7,11,12,4,8,11,3,8,0,0,0,8,8,2,4,1,0,0,0,1,6,4,2,1,7,0,2,2
57395660,0,,,17,9,8,0,0,0,17,9,8,2,2,0,17,9,8,15,7,8,13,7,6,0,0,0,12,12,7,5,0,0,0,0,0,5,5,0,0,11,0,6,4
57395661,0,,,15,7,8,0,0,0,15,7,8,1,1,0,15,7,8,14,6,8,10,5,5,0,0,0,9,9,3,6,0,0,0,0,0,6,6,0,0,8,0,2,6
57395671,1,,57395681,20,11,9,1,0,1,20,12,8,7,4,3,20,12,8,13,8,5,6,4,2,0,0,0,10,10,4,6,0,0,1,0,0,7,6,1,0,8,1,2,5
57395681,2,57395671,,1,1,0,*,*,*,*,*,*,*,*,*,*,*,*,*,*,*,*,*,*,*,*,*,1,1,*,*,*,*,*,*,*,*,*,*,*,*,*,*,*
57395709,0,,,12,6,6,1,0,1,11,6,5,6,3,3,11,6,5,5,3,2,1,1,0,0,0,0,5,5,1,3,0,0,1,0,0,4,3,1,1,4,0,0,2
57396401,2,57396412,,2,0,2,*,*,*,*,*,*,*,*,*,*,*,*,*,*,*,*,*,*,*,*,*,1,1,*,*,*,*,*,*,*,*,*,*,*,*,*,*,*
57396403,0,,,18,10,8,0,0,0,18,10,8,11,8,3,17,9,8,7,2,5,4,1,3,0,0,0,7,7,1,4,0,1,1,0,0,6,4,2,0,4,0,0,2
57396412,1,,57396401,462,214,248,39,21,18,425,193,232,236,124,112,408,187,221,189,69,120,105,35,70,1,0,1,196,195,79,53,30,16,6,7,5,116,87,29,8,121,8,39,22
57396413,0,,,262,118,144,26,12,14,236,106,130,129,72,57,234,105,129,107,34,73,57,12,45,2,1,1,110,110,32,37,22,9,7,2,1,77,53,24,4,75,2,18,17
57396414,0,,,191,90,101,13,4,9,178,86,92,89,47,42,169,79,90,89,39,50,63,27,36,0,0,0,70,70,17,23,11,9,5,3,2,53,31,22,3,55,0,11,13
57396417,0,,,8,4,4,0,0,0,8,4,4,4,2,2,8,4,4,4,2,2,2,0,2,0,0,0,4,4,2,1,0,1,0,0,0,2,2,0,0,4,0,2,0
57396418,0,,,103,54,49,1,1,0,102,53,49,42,28,14,101,52,49,60,25,35,38,12,26,0,0,0,54,54,24,20,5,2,2,1,0,30,23,7,1,42,0,16,10
57396422,0,,,322,148,174,24,14,10,298,134,164,147,75,72,289,131,158,151,59,92,83,33,50,1,0,1,137,137,34,60,20,13,7,1,2,103,81,22,5,106,0,26,32
57396423,0,,,168,70,98,17,8,9,151,62,89,83,36,47,141,59,82,68,26,42,34,14,20,1,0,1,67,67,16,26,11,5,7,2,0,51,36,15,5,48,0,12,11
57396424,0,,,88,47,41,1,1,0,87,46,41,59,35,24,84,44,40,28,11,17,19,6,13,16,11,5,41,41,20,5,10,3,2,1,0,21,12,9,0,20,12,4,2
57396425,0,,,86,38,48,6,3,3,80,35,45,41,22,19,77,33,44,39,13,26,30,10,20,0,0,0,34,34,11,7,9,5,0,0,2,23,10,13,1,28,0,8,2
57396433,2,57396443,,4,1,3,*,*,*,*,*,*,*,*,*,*,*,*,*,*,*,*,*,*,*,*,*,3,3,*,*,*,*,*,*,*,*,*,*,*,*,*,*,*
57396438,2,57396448,,1,1,0,*,*,*,*,*,*,*,*,*,*,*,*,*,*,*,*,*,*,*,*,*,1,1,*,*,*,*,*,*,*,*,*,*,*,*,*,*,*
57396443,1,,57396433;57396444,110,52,58,5,5,0,112,49,63,54,24,30,110,48,62,58,25,33,42,17,25,0,0,0,42,42,15,14,7,6,4,0,1,32,21,11,1,37,0,9,10
57396444,2,57396443,,3,1,2,*,*,*,*,*,*,*,*,*,*,*,*,*,*,*,*,*,*,*,*,*,2,2,*,*,*,*,*,*,*,*,*,*,*,*,*,*,*
57396448,1,,57396438,183,88,95,14,8,6,170,81,89,84,41,43,163,78,85,86,40,46,43,21,22,0,0,0,65,65,18,20,8,8,6,4,2,47,23,24,6,54,0,12,13
57396449,0,,,60,28,32,7,4,3,53,24,29,31,16,15,51,23,28,22,8,14,15,2,13,0,0,0,24,24,8,8,5,0,1,0,2,16,11,5,1,20,0,7,3
57396457,1,,57396467,20,9,11,0,0,0,32,12,20,9,4,5,32,12,20,23,8,15,15,5,10,0,0,0,9,9,6,6,2,2,0,0,0,10,7,3,0,15,0,5,6
57396463,0,,,792,366,426,79,38,41,713,328,385,404,203,201,685,316,369,309,125,184,175,65,110,0,0,0,273,273,49,91,51,43,18,8,13,219,134,85,19,208,0,32,42
57396464,0,,,108,50,58,9,4,5,99,46,53,72,32,40,89,43,46,27,14,13,12,5,7,0,0,0,41,41,9,14,7,5,6,0,0,32,26,6,3,19,0,4,4
57396467,2,57396457,,12,3,9,*,*,*,*,*,*,*,*,*,*,*,*,*,*,*,*,*,*,*,*,*,7,7,*,*,*,*,*,*,*,*,*,*,*,*,*,*,*
57396473,0,,,114,55,59,7,3,4,107,52,55,55,32,23,104,50,54,52,20,32,34,11,23,1,0,1,43,43,10,12,13,5,0,1,2,33,20,13,2,36,0,8,6
57396474,0,,,140,64,76,18,8,10,122,56,66,66,31,35,117,54,63,56,25,31,26,10,16,1,1,0,47,47,11,8,15,6,1,3,3,36,17,19,4,39,0,8,5
57396484,0,,,417,189,228,35,18,17,382,171,211,202,100,102,350,157,193,180,71,109,105,41,64,0,0,0,132,131,23,38,24,20,11,12,3,107,61,46,6,106,0,16,21
57396494,0,,,65,26,39,6,2,4,59,24,35,27,9,18,56,23,33,32,15,17,23,10,13,0,0,0,24,24,5,9,5,0,4,0,1,19,13,6,1,22,0,5,6
57396503,2,57396504,,1,1,0,*,*,*,*,*,*,*,*,*,*,*,*,*,*,*,*,*,*,*,*,*,1,1,*,*,*,*,*,*,*,*,*,*,*,*,*,*,*
57396504,1,,57396503,9,4,5,1,1,0,9,4,5,7,3,4,9,4,5,2,1,1,1,0,1,0,0,0,3,3,2,0,1,0,1,0,0,2,1,1,0,1,0,0,0
57396514,2,57396524,,3,2,1,*,*,*,*,*,*,*,*,*,*,*,*,*,*,*,*,*,*,*,*,*,1,1,*,*,*,*,*,*,*,*,*,*,*,*,*,*,*
57396524,1,,57396514,136,64,72,15,6,9,124,60,64,72,40,32,117,57,60,52,20,32,32,13,19,0,0,0,39,39,7,8,8,8,0,4,5,33,11,22,3,33,1,3,5
57396540,0,,,54,20,34,4,0,4,50,20,30,19,10,9,49,20,29,31,10,21,19,6,13,0,0,0,21,21,6,6,5,1,2,0,1,15,8,7,0,19,0,6,4
57396555,0,,,285,138,147,35,17,18,250,121,129,137,69,68,242,117,125,113,52,61,61,26,35,0,0,0,83,83,9,25,11,16,9,8,5,73,33,40,10,69,0,5,14
57396574,2,57396575,,6,2,4,*,*,*,*,*,*,*,*,*,*,*,*,*,*,*,*,*,*,*,*,*,3,3,*,*,*,*,*,*,*,*,*,*,*,*,*,*,*
57396575,1,,57396574,42,22,20,5,3,2,43,21,22,29,17,12,41,21,20,14,4,10,8,1,7,0,0,0,15,15,5,7,0,3,2,0,1,12,9,3,0,11,1,3,2
57396580,0,,,184,92,92,31,19,12,153,73,80,86,46,40,147,68,79,67,27,40,24,6,18,0,0,0,64,64,18,18,10,5,3,5,5,46,23,23,5,48,0,12,9
57396581,0,,,37,17,20,3,1,2,34,16,18,19,11,8,33,15,18,15,5,10,7,2,5,0,0,0,12,12,1,3,5,1,1,1,0,11,5,6,1,10,0,0,1
57396583,2,57396584,,1,1,0,*,*,*,*,*,*,*,*,*,*,*,*,*,*,*,*,*,*,*,*,*,1,0,*,*,*,*,*,*,*,*,*,*,*,*,*,*,*
57396584,1,,57396583,36,17,19,4,1,3,33,17,16,17,9,8,30,16,14,16,8,8,13,8,5,0,0,0,11,11,3,2,1,2,0,3,0,8,2,6,0,10,1,2,1
57396585,0,,,61,26,35,3,2,1,58,24,34,33,13,20,57,23,34,25,11,14,14,5,9,0,0,0,22,22,4,10,1,4,1,1,1,18,11,7,0,17,0,1,4
57396590,0,,,34,16,18,7,3,4,27,13,14,16,8,8,27,13,14,11,5,6,6,2,4,0,0,0,10,10,1,3,2,2,0,1,1,9,5,4,2,7,0,1,1
57396602,2,57396612,,3,0,3,*,*,*,*,*,*,*,*,*,*,*,*,*,*,*,*,*,*,*,*,*,1,1,*,*,*,*,*,*,*,*,*,*,*,*,*,*,*
57396604,0,,,22,12,10,0,0,0,22,12,10,7,3,4,22,12,10,15,9,6,5,4,1,0,0,0,9,9,2,3,3,0,1,0,0,7,4,3,0,9,0,2,3
57396612,1,,57396602;57396622,19,12,7,2,0,2,26,14,12,13,7,6,25,13,12,13,7,6,9,4,5,0,0,0,7,7,2,1,3,1,1,1,0,7,3,4,0,9,0,2,1
57396622,2,57396612,,6,2,4,*,*,*,*,*,*,*,*,*,*,*,*,*,*,*,*,*,*,*,*,*,1,1,*,*,*,*,*,*,*,*,*,*,*,*,*,*,*
57396623,0,,,128,65,63,9,6,3,119,59,60,67,36,31,117,59,58,52,23,29,36,14,22,0,0,0,48,48,15,10,12,4,4,2,1,33,18,15,2,37,0,12,3
57396632,0,,,127,56,71,6,0,6,121,56,65,79,38,41,120,56,64,42,18,24,29,11,18,0,0,0,33,33,3,1,11,9,5,2,2,29,7,22,3,28,0,1,0
57396633,0,,,33,18,15,2,1,1,31,17,14,18,12,6,28,15,13,13,5,8,6,3,3,0,0,0,8,8,0,2,1,2,1,1,1,8,2,6,1,7,0,0,0
57396635,0,,,43,21,22,5,3,2,38,18,20,23,14,9,38,18,20,15,4,11,10,2,8,0,0,0,10,10,0,2,4,0,1,2,1,10,5,5,1,10,0,0,0
57396643,0,,,67,37,30,4,1,3,63,36,27,42,26,16,60,34,26,21,10,11,10,6,4,0,0,0,17,17,0,7,2,1,3,1,3,17,8,9,2,15,0,0,4
57396653,2,57396663,,10,5,5,*,*,*,*,*,*,*,*,*,*,*,*,*,*,*,*,*,*,*,*,*,3,3,*,*,*,*,*,*,*,*,*,*,*,*,*,*,*
57396654,0,,,43,23,20,3,2,1,40,21,19,20,11,9,38,20,18,20,10,10,11,5,6,0,0,0,13,13,2,6,0,0,4,0,1,11,5,6,1,12,0,2,1
57396663,1,,57396653,33,16,17,4,1,3,39,20,19,26,14,12,36,19,17,13,6,7,8,4,4,0,0,0,9,9,1,2,5,2,0,0,2,11,6,5,0,7,0,0,1
57396664,1,,57396665,111,59,52,10,6,4,120,61,59,70,38,32,116,58,58,50,23,27,30,11,19,0,0,0,35,35,6,9,7,6,3,4,3,32,13,19,3,31,0,4,2
57396665,2,57396664,,19,8,11,*,*,*,*,*,*,*,*,*,*,*,*,*,*,*,*,*,*,*,*,*,3,3,*,*,*,*,*,*,*,*,*,*,*,*,*,*,*
57396674,2,57396675,,6,3,3,*,*,*,*,*,*,*,*,*,*,*,*,*,*,*,*,*,*,*,*,*,1,1,*,*,*,*,*,*,*,*,*,*,*,*,*,*,*
57396675,1,,57396674;57396676;57396685,75,38,37,9,8,1,83,38,45,54,27,27,77,34,43,29,11,18,20,6,14,0,0,0,22,22,5,7,1,6,4,2,2,21,7,14,4,21,0,3,2
57396676,2,57396675,,10,4,6,*,*,*,*,*,*,*,*,*,*,*,*,*,*,*,*,*,*,*,*,*,3,3,*,*,*,*,*,*,*,*,*,*,*,*,*,*,*
57396685,2,57396675,,1,1,0,*,*,*,*,*,*,*,*,*,*,*,*,*,*,*,*,*,*,*,*,*,1,1,*,*,*,*,*,*,*,*,*,*,*,*,*,*,*
57396686,0,,,69,40,29,11,8,3,58,32,26,39,25,14,54,28,26,19,7,12,11,4,7,2,0,2,18,18,1,5,0,7,2,1,2,17,8,9,1,12,0,0,0
57396695,2,57396696,,4,2,2,*,*,*,*,*,*,*,*,*,*,*,*,*,*,*,*,*,*,*,*,*,1,1,*,*,*,*,*,*,*,*,*,*,*,*,*,*,*
57396696,1,,57396695,108,50,58,12,4,8,100,48,52,55,30,25,97,46,51,45,18,27,21,5,16,0,0,0,28,28,1,9,2,9,2,3,3,28,10,18,2,26,0,0,2
57396783,0,,,74,37,37,4,1,3,70,36,34,42,26,16,66,34,32,28,10,18,18,5,13,0,0,0,22,22,1,7,5,3,4,2,0,21,10,11,1,19,0,1,2
57397405,0,,,284,131,153,22,10,12,262,121,141,150,79,71,246,112,134,112,42,70,68,26,42,0,0,0,99,99,21,32,24,5,6,7,4,78,44,34,3,77,0,14,11
57397408,0,,,112,53,59,15,5,10,97,48,49,56,30,26,90,44,46,41,18,23,17,5,12,0,0,0,30,30,3,6,6,5,4,4,2,27,9,18,2,25,0,2,3
57397409,0,,,29,15,14,2,0,2,27,15,12,10,8,2,27,15,12,17,7,10,10,4,6,0,0,0,13,13,5,4,2,1,0,1,0,8,7,1,0,11,0,4,2
57397415,0,,,138,64,74,6,2,4,132,62,70,57,27,30,127,60,67,75,35,40,34,16,18,0,0,0,51,51,8,19,15,4,1,2,2,43,29,14,2,42,0,6,12
57397418,0,,,28,13,15,6,3,3,22,10,12,12,5,7,22,10,12,10,5,5,3,0,3,0,0,0,7,7,1,0,3,0,1,1,1,6,1,5,2,7,0,1,0
57397425,0,,,127,60,67,20,12,8,107,48,59,67,32,35,101,45,56,40,16,24,20,6,14,0,0,0,37,37,5,11,6,4,3,5,3,31,16,15,4,26,0,1,5
57397426,0,,,124,57,67,18,11,7,106,46,60,55,27,28,102,46,56,51,19,32,37,13,24,0,0,0,36,36,4,8,9,6,4,3,2,32,16,16,4,32,0,4,3
57397427,0,,,79,8,71,0,0,0,79,8,71,1,1,0,79,8,71,78,7,71,74,6,68,0,0,0,1,0,0,0,0,0,0,0,0,0,0,0,0,0,0,0,0
57397436,0,,,220,107,113,19,12,7,201,95,106,116,58,58,187,87,100,85,37,48,45,13,32,0,0,0,63,63,7,12,20,7,6,6,5,56,25,31,3,54,0,3,6
57397437,0,,,292,137,155,22,12,10,270,125,145,158,81,77,262,122,140,112,44,68,48,14,34,0,0,0,134,134,58,36,20,9,5,2,4,75,48,27,6,86,1,38,13
57397438,0,,,743,338,405,68,32,36,675,306,369,359,185,174,645,292,353,316,121,195,181,63,118,1,0,1,293,291,93,83,57,27,14,13,4,195,133,62,14,203,4,57,40
57397439,0,,,88,39,49,3,1,2,85,38,47,43,22,21,81,37,44,42,16,26,16,5,11,0,0,0,40,40,15,12,8,2,1,2,0,25,18,7,0,30,0,10,6
57397446,0,,,213,95,118,18,5,13,195,90,105,108,57,51,190,87,103,87,33,54,51,18,33,0,0,0,76,76,17,24,12,13,5,2,3,59,33,26,8,53,0,9,8
57397447,0,,,36,17,19,0,0,0,36,17,19,15,9,6,36,17,19,21,8,13,10,3,7,0,0,0,23,23,15,3,5,0,0,0,0,8,6,2,0,18,0,10,2
57397448,0,,,56,32,24,5,3,2,51,29,22,37,25,12,51,29,22,14,4,10,8,2,6,1,1,0,30,30,19,5,2,1,1,2,0,11,6,5,2,12,3,5,1
57397456,2,57397457,,1,0,1,*,*,*,*,*,*,*,*,*,*,*,*,*,*,*,*,*,*,*,*,*,1,1,*,*,*,*,*,*,*,*,*,*,*,*,*,*,*
57397457,1,,57397456,554,262,292,39,25,14,516,237,279,269,142,127,496,228,268,247,95,152,138,44,94,1,1,0,219,219,60,76,34,29,8,9,4,160,103,57,12,173,2,41,33
57397467,0,,,53,24,29,5,4,1,48,20,28,21,10,11,45,18,27,27,10,17,14,5,9,0,0,0,22,22,8,5,6,1,0,1,1,14,7,7,1,18,0,6,2
57397477,0,,,148,79,69,15,13,2,133,66,67,66,38,28,130,63,67,67,28,39,43,13,30,0,0,0,55,55,13,23,5,6,4,2,2,42,29,13,1,44,0,8,9
57397479,0,,,12,5,7,0,0,0,12,5,7,3,1,2,12,5,7,9,4,5,6,2,4,0,0,0,7,7,3,3,1,0,0,0,0,4,3,1,0,5,0,1,3
57397488,0,,,52,29,23,6,4,2,46,25,21,26,16,10,46,25,21,20,9,11,13,5,8,0,0,0,15,15,3,1,4,4,0,2,1,12,3,9,1,12,0,1,0
57397498,1,,57397499,83,43,40,10,7,3,75,37,38,38,19,19,74,36,38,37,18,19,17,9,8,0,0,0,24,24,1,10,3,4,3,4,0,24,10,14,1,23,0,0,6
57397499,2,57397498,,2,1,1,*,*,*,*,*,*,*,*,*,*,*,*,*,*,*,*,*,*,*,*,*,1,1,*,*,*,*,*,*,*,*,*,*,*,*,*,*,*
57397506,2,57397516,,1,1,0,*,*,*,*,*,*,*,*,*,*,*,*,*,*,*,*,*,*,*,*,*,1,1,*,*,*,*,*,*,*,*,*,*,*,*,*,*,*
57397511,0,,,49,25,24,4,3,1,45,22,23,23,11,12,42,22,20,22,11,11,8,3,5,0,0,0,15,15,2,6,1,1,3,1,1,13,7,6,2,14,0,1,6
57397516,1,,57397506,155,83,72,16,10,6,140,74,66,84,51,33,137,71,66,56,23,33,38,13,25,0,0,0,45,45,8,13,6,6,3,6,4,38,16,22,5,37,0,2,8
57397521,0,,,29,13,16,1,0,1,28,13,15,17,9,8,25,12,13,11,4,7,8,2,6,0,0,0,10,10,1,4,3,0,1,1,0,9,5,4,0,7,0,1,1
57397537,0,,,13,6,7,0,0,0,13,6,7,7,3,4,12,6,6,6,3,3,4,2,2,0,0,0,5,5,1,3,0,0,0,1,0,4,3,1,0,5,0,1,1
57397547,0,,,57,22,35,0,0,0,57,22,35,22,13,9,55,21,34,35,9,26,24,5,19,0,0,0,23,23,5,8,6,2,2,0,0,18,10,8,0,22,0,5,4
57397557,0,,,28,16,12,3,1,2,25,15,10,9,6,3,25,15,10,16,9,7,9,5,4,0,0,0,12,12,3,7,1,0,0,0,1,9,8,1,1,11,0,2,5
57397564,0,,,172,77,95,10,5,5,162,72,90,88,44,44,160,71,89,74,28,46,43,12,31,0,0,0,58,58,9,20,9,12,5,1,2,49,28,21,4,49,0,7,6
57397565,1,,57397566,39,15,24,2,1,1,45,17,28,25,13,12,42,15,27,20,4,16,14,2,12,0,0,0,15,15,5,4,2,1,2,1,1,11,4,7,1,15,0,4,2
57397566,2,57397565,,8,3,5,*,*,*,*,*,*,*,*,*,*,*,*,*,*,*,*,*,*,*,*,*,1,1,*,*,*,*,*,*,*,*,*,*,*,*,*,*,*
57397572,0,,,197,97,100,11,5,6,186,92,94,109,59,50,173,86,87,77,33,44,47,17,30,0,0,0,62,62,12,15,12,10,6,4,3,50,24,26,2,54,0,8,9
57397579,0,,,68,32,36,5,3,2,63,29,34,36,18,18,60,29,31,27,11,16,20,6,14,0,0,0,20,20,1,9,2,2,2,3,1,19,11,8,1,18,0,1,4
57397582,0,,,276,129,147,24,7,17,252,122,130,121,65,56,243,115,128,131,57,74,64,28,36,0,0,0,93,93,16,30,19,11,7,7,3,75,42,33,5,80,0,10,19
57397589,0,,,33,15,18,2,1,1,31,14,17,11,5,6,30,13,17,20,9,11,16,7,9,0,0,0,11,11,2,4,2,0,1,2,0,9,5,4,1,11,0,2,3
57397590,0,,,27,13,14,3,2,1,24,11,13,12,6,6,24,11,13,12,5,7,7,2,5,0,0,0,12,12,3,5,2,2,0,0,0,9,7,2,1,7,0,1,2
57397599,0,,,136,67,69,18,9,9,118,58,60,70,37,33,115,56,59,48,21,27,32,14,18,0,0,0,40,40,4,13,5,8,5,2,3,35,19,16,3,32,0,3,6
57397605,0,,,25,14,11,1,1,0,24,13,11,12,7,5,24,13,11,12,6,6,5,2,3,1,0,1,6,6,0,0,1,3,2,0,0,6,2,4,1,6,0,0,0
57397606,0,,,151,64,87,18,5,13,133,59,74,81,37,44,128,58,70,52,22,30,26,9,17,0,0,0,40,40,6,10,4,6,4,4,6,34,11,23,8,35,0,4,5
57397607,0,,,58,27,31,4,3,1,54,24,30,35,16,19,52,23,29,19,8,11,13,4,9,0,0,0,15,15,3,1,3,1,2,5,0,12,2,10,1,13,0,2,1
57397608,0,,,164,71,93,17,9,8,147,62,85,95,43,52,144,61,83,52,19,33,28,6,22,2,0,2,47,47,5,10,12,8,2,9,1,42,18,24,5,37,0,5,4
57397616,0,,,198,98,100,7,2,5,191,96,95,117,63,54,178,89,89,74,33,41,41,14,27,0,0,0,67,67,10,19,16,12,6,4,0,57,34,23,1,48,0,6,8
57397617,0,,,172,70,102,20,9,11,152,61,91,93,39,54,144,60,84,59,22,37,27,8,19,0,0,0,66,66,26,14,9,6,5,3,3,40,24,16,5,41,0,13,5
57397618,0,,,27,14,13,1,1,0,26,13,13,17,8,9,24,11,13,9,5,4,5,3,2,0,0,0,8,8,2,1,1,1,2,1,0,6,2,4,0,6,0,0,1
57397626,0,,,238,113,125,29,14,15,209,99,110,139,69,70,196,91,105,70,30,40,45,18,27,0,0,0,63,63,9,8,13,13,6,8,6,53,19,34,3,43,0,3,5
57397627,0,,,176,81,95,22,12,10,154,69,85,99,48,51,149,67,82,55,21,34,34,13,21,1,0,1,41,41,3,4,6,7,11,7,3,38,8,30,6,33,0,2,1
57397636,0,,,291,149,142,29,14,15,262,135,127,159,84,75,251,129,122,103,51,52,54,25,29,0,0,0,90,90,15,24,17,13,8,9,4,75,45,30,7,67,1,8,14
57397637,0,,,132,59,73,17,10,7,115,49,66,67,29,38,113,48,65,48,20,28,24,6,18,0,0,0,38,38,4,10,8,4,7,2,3,34,15,19,6,33,0,4,5
57397638,0,,,51,26,25,1,1,0,50,25,25,34,19,15,47,23,24,16,6,10,11,4,7,0,0,0,17,17,2,7,3,2,1,1,1,15,8,7,0,12,0,0,2
57397646,0,,,113,50,63,9,6,3,104,44,60,47,27,20,99,42,57,57,17,40,43,12,31,0,0,0,24,23,4,3,4,3,4,3,2,19,8,11,2,18,0,2,1
57397647,0,,,128,61,67,14,7,7,114,54,60,72,37,35,109,51,58,42,17,25,22,7,15,0,0,0,30,30,2,0,8,7,8,2,3,27,5,22,2,25,0,0,0
57397657,0,,,357,183,174,39,27,12,318,156,162,203,109,94,304,148,156,115,47,68,66,23,43,1,0,1,92,92,8,21,12,19,13,9,10,84,35,49,8,75,0,3,7
57397658,0,,,341,168,173,47,30,17,294,138,156,183,85,98,280,131,149,111,53,58,57,23,34,1,0,1,86,86,10,9,20,15,14,7,11,76,21,55,13,68,0,7,5
57397666,0,,,62,28,34,7,5,2,55,23,32,30,14,16,53,21,32,25,9,16,12,3,9,0,0,0,13,13,1,0,3,2,2,2,3,12,2,10,3,12,0,1,0
57397667,0,,,203,93,110,21,12,9,182,81,101,107,50,57,172,76,96,75,31,44,38,12,26,0,0,0,54,53,7,10,13,5,6,7,5,45,18,27,6,42,0,6,4
57397668,0,,,195,66,129,8,4,4,187,62,125,46,21,25,184,61,123,141,41,100,122,30,92,0,0,0,25,22,1,3,7,3,4,2,2,21,7,14,3,19,0,1,2
57397676,0,,,38,22,16,10,6,4,28,16,12,17,10,7,28,16,12,11,6,5,10,6,4,0,0,0,9,9,2,1,0,1,2,2,1,7,2,5,3,6,0,1,1
57397677,0,,,268,129,139,34,19,15,234,110,124,144,70,74,229,106,123,90,40,50,53,21,32,0,0,0,73,73,10,16,17,10,5,4,11,63,30,33,9,56,0,3,4
57397678,0,,,246,112,134,23,11,12,223,101,122,135,60,75,218,98,120,88,41,47,57,23,34,15,0,15,67,66,5,19,16,11,2,8,5,61,26,35,5,57,0,4,10
57397679,0,,,389,185,204,52,29,23,337,156,181,197,96,101,321,147,174,140,60,80,84,33,51,1,0,1,103,103,13,25,18,10,13,11,13,90,31,59,13,88,0,8,12
57397681,2,57397695,,7,4,3,*,*,*,*,*,*,*,*,*,*,*,*,*,*,*,*,*,*,*,*,*,1,1,*,*,*,*,*,*,*,*,*,*,*,*,*,*,*
57397686,0,,,98,47,51,10,5,5,88,42,46,52,27,25,87,41,46,36,15,21,21,7,14,0,0,0,24,24,1,4,7,3,3,2,4,23,10,13,5,21,0,1,2
57397687,0,,,422,194,228,73,34,39,349,160,189,234,111,123,337,157,180,115,49,66,55,21,34,1,0,1,104,104,9,15,21,18,16,13,12,95,41,54,20,72,0,6,7
57397688,0,,,146,70,76,17,7,10,129,63,66,81,44,37,124,60,64,48,19,29,32,12,20,0,0,0,35,35,4,3,4,8,9,4,3,30,7,23,7,31,0,3,3
57397689,0,,,105,51,54,17,10,7,88,41,47,51,26,25,83,37,46,37,15,22,22,7,15,0,0,0,24,24,2,1,5,5,6,1,4,22,5,17,2,21,0,2,0
57397691,2,57397695,,4,2,2,*,*,*,*,*,*,*,*,*,*,*,*,*,*,*,*,*,*,*,*,*,2,2,*,*,*,*,*,*,*,*,*,*,*,*,*,*,*
57397695,1,,57397681;57397691,91,40,51,8,4,4,94,42,52,56,26,30,89,42,47,38,16,22,23,8,15,0,0,0,23,23,1,7,6,1,6,1,4,25,12,13,3,22,0,1,3
57397696,0,,,231,112,119,31,18,13,200,94,106,128,66,62,194,91,103,72,28,44,39,11,28,0,0,0,55,55,3,7,13,10,5,11,6,52,16,36,10,47,0,2,1
57397697,0,,,236,122,114,17,10,7,219,112,107,135,77,58,208,104,104,84,35,49,47,17,30,0,0,0,69,69,5,18,18,13,8,2,5,63,34,29,6,52,0,3,7
57397698,0,,,128,59,69,14,6,8,114,53,61,74,37,37,113,53,60,40,16,24,29,11,18,0,0,0,34,34,1,9,6,10,3,2,3,33,13,20,3,28,0,1,2
57397699,0,,,347,175,172,46,25,21,301,150,151,187,100,87,288,142,146,114,50,64,64,24,40,0,0,0,93,93,9,18,21,18,8,11,8,84,41,43,16,71,0,7,8
57397701,2,57397711,,4,2,2,*,*,*,*,*,*,*,*,*,*,*,*,*,*,*,*,*,*,*,*,*,2,2,*,*,*,*,*,*,*,*,*,*,*,*,*,*,*
57397702,0,,,32,19,13,1,1,0,31,18,13,19,12,7,29,16,13,12,6,6,9,4,5,0,0,0,9,9,1,1,2,3,1,1,0,8,3,5,1,8,0,0,0
57397711,1,,57397701,188,83,105,17,6,11,175,79,96,99,46,53,168,79,89,76,33,43,37,11,26,1,0,1,48,48,3,12,8,11,7,5,4,47,17,30,4,44,0,2,7
57397712,0,,,62,32,30,11,7,4,51,25,26,27,13,14,50,25,25,24,12,12,8,4,4,2,0,2,15,15,1,3,5,0,2,0,4,13,7,6,3,14,0,1,3
57397761,2,57397771,,5,2,3,*,*,*,*,*,*,*,*,*,*,*,*,*,*,*,*,*,*,*,*,*,2,2,*,*,*,*,*,*,*,*,*,*,*,*,*,*,*
57397767,2,57397796,,5,3,2,*,*,*,*,*,*,*,*,*,*,*,*,*,*,*,*,*,*,*,*,*,2,2,*,*,*,*,*,*,*,*,*,*,*,*,*,*,*
57397771,1,,57397761,88,44,44,7,6,1,86,40,46,46,22,24,82,38,44,40,18,22,25,9,16,0,0,0,24,24,2,9,3,5,2,4,1,24,10,14,2,22,0,1,3
57397780,0,,,17,9,8,1,0,1,16,9,7,8,5,3,16,9,7,8,4,4,5,2,3,0,0,0,6,6,0,3,2,0,1,0,0,6,4,2,0,5,0,0,2
57397782,0,,,128,68,60,17,11,6,111,57,54,75,41,34,106,54,52,36,16,20,24,10,14,0,0,0,28,28,2,3,6,4,4,3,6,26,11,15,6,21,0,1,0
57397783,0,,,59,30,29,8,6,2,51,24,27,30,15,15,51,24,27,21,9,12,15,6,9,0,0,0,15,15,2,4,4,0,1,0,4,13,5,8,4,13,0,1,3
57397784,2,57397793,,8,6,2,*,*,*,*,*,*,*,*,*,*,*,*,*,*,*,*,*,*,*,*,*,2,2,*,*,*,*,*,*,*,*,*,*,*,*,*,*,*
57397789,2,57397796,,3,1,2,*,*,*,*,*,*,*,*,*,*,*,*,*,*,*,*,*,*,*,*,*,1,1,*,*,*,*,*,*,*,*,*,*,*,*,*,*,*
57397790,0,,,87,36,51,7,2,5,80,34,46,48,23,25,77,33,44,32,11,21,20,5,15,0,0,0,24,24,4,7,2,2,3,4,2,20,8,12,1,20,0,3,2
57397791,0,,,15,9,6,0,0,0,15,9,6,7,4,3,15,9,6,8,5,3,3,1,2,0,0,0,6,6,1,1,4,0,0,0,0,5,4,1,0,6,0,1,1
57397793,1,,57397784,7,3,4,0,0,0,15,9,6,9,6,3,14,8,6,6,3,3,5,2,3,0,0,0,4,4,2,2,1,0,0,1,0,4,3,1,0,5,0,2,0
57397796,1,,57397767;57397789,32,14,18,2,1,1,38,17,21,30,15,15,37,17,20,8,2,6,3,0,3,0,0,0,10,10,3,2,5,0,1,1,1,10,6,4,2,7,0,0,0
